fileName imageWidth imageHeight 
camera matrix K [3x3]
radial distortion [3x1]
tangential distortion [2x1]
camera position t [3x1]
camera rotation R [3x3]
camera model m = K [R|-Rt] X

DJI_0248.JPG 4864 3648
3658.99657499093291335157 0 2425.94356205599024178809
0 3658.99657499093291335157 1832.42025107836002462136
0 0 1
0.00653043799659346492 -0.02628228007466830093 0.02495343181698931115
0.00040536204275353648 -0.00014645388568220192
-89.46403902755552906001 -78.41646092915638632803 -0.42101249466171292157
0.09456407674126780794 -0.99536430786338492283 0.01753653391398324324
-0.39488952497730001046 -0.05367497994154161317 -0.91715934253077169291
0.91384894728465604352 0.07980533290400947111 -0.39813466363380900503
DJI_0249.JPG 4864 3648
3658.99657499093291335157 0 2425.94356205599024178809
0 3658.99657499093291335157 1832.42025107836002462136
0 0 1
0.00653043799659346492 -0.02628228007466830093 0.02495343181698931115
0.00040536204275353648 -0.00014645388568220192
-70.84032154119287838512 -78.04114971504989739515 0.65122811603154218130
0.09648620645190762735 -0.99520415196419054205 0.01609682818931481782
-0.39402703361906443735 -0.05304247565644455015 -0.91756699622076431933
0.91402029996159306346 0.08218997316870195469 -0.39725520710073458641
DJI_0250.JPG 4864 3648
3658.99657499093291335157 0 2425.94356205599024178809
0 3658.99657499093291335157 1832.42025107836002462136
0 0 1
0.00653043799659346492 -0.02628228007466830093 0.02495343181698931115
0.00040536204275353648 -0.00014645388568220192
-48.41614522417838628598 -76.88755191020071322328 0.42675018114538487701
0.16253947853582020877 -0.98658193194239207635 0.01539511228022603408
-0.39024153047061460597 -0.07860712904556975411 -0.91735078740859299362
0.90625187768812709432 0.14309790644181441532 -0.39778200482011966121
DJI_0251.JPG 4864 3648
3658.99657499093291335157 0 2425.94356205599024178809
0 3658.99657499093291335157 1832.42025107836002462136
0 0 1
0.00653043799659346492 -0.02628228007466830093 0.02495343181698931115
0.00040536204275353648 -0.00014645388568220192
-21.08335930882682163201 -73.45761845999534500606 1.69118644994258593428
0.18432885306456806007 -0.98275905497010218603 0.01440533936332328777
-0.38833555953654097515 -0.08628555236556718910 -0.91746950720577657989
0.90289443852941231317 0.16352199646298534730 -0.39754520440500457079
DJI_0252.JPG 4864 3648
3658.99657499093291335157 0 2425.94356205599024178809
0 3658.99657499093291335157 1832.42025107836002462136
0 0 1
0.00653043799659346492 -0.02628228007466830093 0.02495343181698931115
0.00040536204275353648 -0.00014645388568220192
13.19176571104155293312 -68.28313635762049216282 2.49609121896904673221
0.17984812835301922096 -0.98359144831453937385 0.01423072487340795202
-0.38735659177165077116 -0.08411050642656332788 -0.91808512324278390704
0.90421762952232165311 0.15960352599856231226 -0.39612774827050384330
DJI_0253.JPG 4864 3648
3658.99657499093291335157 0 2425.94356205599024178809
0 3658.99657499093291335157 1832.42025107836002462136
0 0 1
0.00653043799659346492 -0.02628228007466830093 0.02495343181698931115
0.00040536204275353648 -0.00014645388568220192
46.94752132903110464213 -61.30981815807894008685 3.04700557757492562772
0.17434428485719649649 -0.98457381775288577153 0.01478065401597771292
-0.38512569338315311152 -0.08199593587547664153 -0.91921426598810473951
0.90624625275571657479 0.15456734420766904403 -0.39348019705038483895
DJI_0254.JPG 4864 3648
3658.99657499093291335157 0 2425.94356205599024178809
0 3658.99657499093291335157 1832.42025107836002462136
0 0 1
0.00653043799659346492 -0.02628228007466830093 0.02495343181698931115
0.00040536204275353648 -0.00014645388568220192
80.47569131103124107085 -56.28363499869515607088 3.20376719241128204985
0.27851304885399658096 -0.96032993201392280458 0.01403222349400936632
-0.37399465363866696288 -0.12189915334289107285 -0.91938490060691113737
0.88462335525790003476 0.25081271517293701745 -0.39310876515264103759
DJI_0255.JPG 4864 3648
3658.99657499093291335157 0 2425.94356205599024178809
0 3658.99657499093291335157 1832.42025107836002462136
0 0 1
0.00653043799659346492 -0.02628228007466830093 0.02495343181698931115
0.00040536204275353648 -0.00014645388568220192
105.50724031101464106541 -49.05941907559267178840 3.73723827442954581457
0.43078600758413465588 -0.90235669267569706964 0.01325951933893056850
-0.45488397620221276973 -0.22980491670474303967 -0.86038960271076658781
0.77942541905187212592 0.36461225903924804337 -0.50946434290744013751
DJI_0256.JPG 4864 3648
3658.99657499093291335157 0 2425.94356205599024178809
0 3658.99657499093291335157 1832.42025107836002462136
0 0 1
0.00653043799659346492 -0.02628228007466830093 0.02495343181698931115
0.00040536204275353648 -0.00014645388568220192
124.99366440261481159268 -35.76431539507218815288 4.58046996193039834822
0.53212478535583074279 -0.84653626143097449042 0.01481792470219701029
-0.42418528589847742660 -0.28170379447973720177 -0.86064499963861118559
0.73274146602825618313 0.45168499007404139256 -0.50898979724997939211
DJI_0257.JPG 4864 3648
3658.99657499093291335157 0 2425.94356205599024178809
0 3658.99657499093291335157 1832.42025107836002462136
0 0 1
0.00653043799659346492 -0.02628228007466830093 0.02495343181698931115
0.00040536204275353648 -0.00014645388568220192
138.86428810267264566392 -23.61857575059567082576 5.18124891408356358369
0.63199875360892177056 -0.77479731167947740733 0.01633099050958734463
-0.38613927673773740246 -0.33310312991396751059 -0.86019693315076140028
0.67191817537347997558 0.53733735274571525764 -0.50970043647911489337
DJI_0258.JPG 4864 3648
3658.99657499093291335157 0 2425.94356205599024178809
0 3658.99657499093291335157 1832.42025107836002462136
0 0 1
0.00653043799659346492 -0.02628228007466830093 0.02495343181698931115
0.00040536204275353648 -0.00014645388568220192
151.38128741810774613441 -12.25180943938666722204 5.30255402903851891239
0.71534796875341000177 -0.69856495182529410037 0.01686095138759390044
-0.34646203509958012345 -0.37553393250453981356 -0.85961521843923460739
0.60682892303764468522 0.60908232088856439912 -0.51066367067373430455
DJI_0259.JPG 4864 3648
3658.99657499093291335157 0 2425.94356205599024178809
0 3658.99657499093291335157 1832.42025107836002462136
0 0 1
0.00653043799659346492 -0.02628228007466830093 0.02495343181698931115
0.00040536204275353648 -0.00014645388568220192
162.16749110555204538286 -0.10122125030876011342 4.38385498155219366367
0.76253050835125457674 -0.64666416858990416472 0.01930484124526873554
-0.31772594044985186246 -0.40031426372380946033 -0.85953401155772857223
0.56355785026812843519 0.64928725793841979286 -0.51071382013802357758
DJI_0260.JPG 4864 3648
3658.99657499093291335157 0 2425.94356205599024178809
0 3658.99657499093291335157 1832.42025107836002462136
0 0 1
0.00653043799659346492 -0.02628228007466830093 0.02495343181698931115
0.00040536204275353648 -0.00014645388568220192
176.15678868490525132984 16.56042633449940026935 4.52407080634030389632
0.77014690882641712033 -0.63751251208356018996 0.02124937086181176091
-0.31129039014821802134 -0.40471385386677483087 -0.85982846515434285806
0.55675131955522516591 0.65557950961360222930 -0.51014064212558507538
DJI_0261.JPG 4864 3648
3658.99657499093291335157 0 2425.94356205599024178809
0 3658.99657499093291335157 1832.42025107836002462136
0 0 1
0.00653043799659346492 -0.02628228007466830093 0.02495343181698931115
0.00040536204275353648 -0.00014645388568220192
194.40529717073025040008 38.33072512306932821957 4.60240483309989656391
0.77098341267685277511 -0.63643427228018245589 0.02315155382146387789
-0.30214191851488692020 -0.39753558571548369693 -0.86641544259436575892
0.56062004820849653530 0.66099687983911215028 -0.49878681457077544970
DJI_0262.JPG 4864 3648
3658.99657499093291335157 0 2425.94356205599024178809
0 3658.99657499093291335157 1832.42025107836002462136
0 0 1
0.00653043799659346492 -0.02628228007466830093 0.02495343181698931115
0.00040536204275353648 -0.00014645388568220192
210.21054380112431658745 56.73135996062202224266 4.74940459877966070223
0.78336580600785576944 -0.62104533700529729323 0.02531211886901968411
-0.29247596179405899175 -0.40424086298567979414 -0.86662975743118408900
0.54844856253827733994 0.67148493212920989937 -0.49830930171242804327
DJI_0263.JPG 4864 3648
3658.99657499093291335157 0 2425.94356205599024178809
0 3658.99657499093291335157 1832.42025107836002462136
0 0 1
0.00653043799659346492 -0.02628228007466830093 0.02495343181698931115
0.00040536204275353648 -0.00014645388568220192
226.16684813362874706399 73.52550554113356895414 5.08007128479492831019
0.83345297730643941314 -0.55191583905972685375 0.02729544310007452762
-0.25621930075512178160 -0.42973974262046032990 -0.86583798919489363133
0.48959963698882391636 0.71464163061460250770 -0.49957935831348521116
DJI_0264.JPG 4864 3648
3658.99657499093291335157 0 2425.94356205599024178809
0 3658.99657499093291335157 1832.42025107836002462136
0 0 1
0.00653043799659346492 -0.02628228007466830093 0.02495343181698931115
0.00040536204275353648 -0.00014645388568220192
236.56934129625790319551 89.92503221216320241638 5.06362478052722675415
0.85262828681734870173 -0.52176293545597296486 0.02807923972045998223
-0.24030331011686226206 -0.43927096506400620246 -0.86561847161357163838
0.46398202946427996585 0.73130326023894010046 -0.49991621087748816521
DJI_0265.JPG 4864 3648
3658.99657499093291335157 0 2425.94356205599024178809
0 3658.99657499093291335157 1832.42025107836002462136
0 0 1
0.00653043799659346492 -0.02628228007466830093 0.02495343181698931115
0.00040536204275353648 -0.00014645388568220192
240.90941846981149865314 117.29570641411096687534 4.69798342602743268515
0.85453334869067376633 -0.51855049584318635425 0.02963341418549190684
-0.23746215402407630513 -0.44078819966623755677 -0.86563126586396066386
0.46193558141990881394 0.73267396998650280437 -0.49980433403729912500
DJI_0266.JPG 4864 3648
3658.99657499093291335157 0 2425.94356205599024178809
0 3658.99657499093291335157 1832.42025107836002462136
0 0 1
0.00653043799659346492 -0.02628228007466830093 0.02495343181698931115
0.00040536204275353648 -0.00014645388568220192
243.77210276669444510844 147.29354788308259571750 4.93732439786172427887
0.85814761463290256671 -0.51230163671374184808 0.03361107734483818887
-0.23366064751873516503 -0.44801733800400839192 -0.86295026893148807368
0.45714918057564618570 0.73268512873418112363 -0.50416974208176335015
DJI_0267.JPG 4864 3648
3658.99657499093291335157 0 2425.94356205599024178809
0 3658.99657499093291335157 1832.42025107836002462136
0 0 1
0.00653043799659346492 -0.02628228007466830093 0.02495343181698931115
0.00040536204275353648 -0.00014645388568220192
256.00423088037206298395 178.29371346300359846282 5.17284587335582379808
0.84702651619221935864 -0.53052144677752832713 0.03306169046419316776
-0.24249545849337236780 -0.44101756471088099376 -0.86411773516493284308
0.47301377725956467168 0.72391332500898342150 -0.50220261289351819656
DJI_0268.JPG 4864 3648
3658.99657499093291335157 0 2425.94356205599024178809
0 3658.99657499093291335157 1832.42025107836002462136
0 0 1
0.00653043799659346492 -0.02628228007466830093 0.02495343181698931115
0.00040536204275353648 -0.00014645388568220192
285.02753650529598417052 223.00739804265813859274 5.05532958964079082165
0.87081815917608274003 -0.49059844469004598722 0.03144677593786990993
-0.22292816876156340555 -0.45109349206294768742 -0.86418614487335487784
0.43815381456948948591 0.74553861569080592808 -0.50218861724659002999
DJI_0269.JPG 4864 3648
3658.99657499093291335157 0 2425.94356205599024178809
0 3658.99657499093291335157 1832.42025107836002462136
0 0 1
0.00653043799659346492 -0.02628228007466830093 0.02495343181698931115
0.00040536204275353648 -0.00014645388568220192
303.60762825866072489589 254.25434735998231872145 4.62001194802140791040
0.98352339025521140492 -0.17832910226367831852 0.02967275023865907635
-0.06577057025130458867 -0.50585490762293860989 -0.86010757729635567426
0.16839231844034180385 0.84398432670258682897 -0.50924894047083468784
DJI_0270.JPG 4864 3648
3658.99657499093291335157 0 2425.94356205599024178809
0 3658.99657499093291335157 1832.42025107836002462136
0 0 1
0.00653043799659346492 -0.02628228007466830093 0.02495343181698931115
0.00040536204275353648 -0.00014645388568220192
306.04372042894669903035 279.72956806262772033733 4.44880843544970172587
0.99671573854698902739 0.07600641459996894389 0.02794210930455807984
0.06303474990678892276 -0.51158342229407149926 -0.85691832886108487699
-0.05083656987758730650 0.85586530889710865644 -0.51469429391585241884
DJI_0271.JPG 4864 3648
3658.99657499093291335157 0 2425.94356205599024178809
0 3658.99657499093291335157 1832.42025107836002462136
0 0 1
0.00653043799659346492 -0.02628228007466830093 0.02495343181698931115
0.00040536204275353648 -0.00014645388568220192
300.85679069256951834177 307.98576059295555751305 4.14897985372588085085
0.95953418962696834793 0.28052417979901062006 0.02450149964817758402
0.16548687668765077463 -0.49136360343936208439 -0.85508824273243955183
-0.22783378279149812951 0.82454108070076026493 -0.51790324738867854482
DJI_0272.JPG 4864 3648
3658.99657499093291335157 0 2425.94356205599024178809
0 3658.99657499093291335157 1832.42025107836002462136
0 0 1
0.00653043799659346492 -0.02628228007466830093 0.02495343181698931115
0.00040536204275353648 -0.00014645388568220192
290.05497146227361326964 335.63059468080075475882 4.50076804585958711868
0.71548033931388310691 0.69852322157918034229 0.01237711476613779019
0.37373177249911782027 -0.36771605931364154118 -0.85153359413913554121
-0.59026472559349030256 0.61388126591181280123 -0.52415393262146925402
DJI_0273.JPG 4864 3648
3658.99657499093291335157 0 2425.94356205599024178809
0 3658.99657499093291335157 1832.42025107836002462136
0 0 1
0.00653043799659346492 -0.02628228007466830093 0.02495343181698931115
0.00040536204275353648 -0.00014645388568220192
281.28668951069846571045 346.56512287657494653104 4.27723521963922514999
0.39071351103187490494 0.92051145008102241984 0.00127380017201827816
0.48373826813602177621 -0.20414627428701534462 -0.85107084701303981067
-0.78316041794635349316 0.33314106466249987504 -0.52504932225232781029
DJI_0274.JPG 4864 3648
3658.99657499093291335157 0 2425.94356205599024178809
0 3658.99657499093291335157 1832.42025107836002462136
0 0 1
0.00653043799659346492 -0.02628228007466830093 0.02495343181698931115
0.00040536204275353648 -0.00014645388568220192
279.24417538687481510351 347.84262974424814274244 4.58324628747695417275
0.01403681681470961631 0.99986086224722758864 -0.00901243141116678595
0.52263272823229256492 -0.01502061710268550940 -0.85242560522448240778
-0.85244237292275704121 0.00725515045227952821 -0.52277085193967520738
DJI_0275.JPG 4864 3648
3658.99657499093291335157 0 2425.94356205599024178809
0 3658.99657499093291335157 1832.42025107836002462136
0 0 1
0.00653043799659346492 -0.02628228007466830093 0.02495343181698931115
0.00040536204275353648 -0.00014645388568220192
279.77031654996073939401 347.05892312681964995136 4.79206011765441175498
-0.41352353716955991825 0.91026831896949100820 -0.02024528802543199002
0.47751695674873440023 0.19789063798660511129 -0.85604722499093577337
-0.77522631548742138019 -0.36366314478884370631 -0.51650099409205940670
DJI_0276.JPG 4864 3648
3658.99657499093291335157 0 2425.94356205599024178809
0 3658.99657499093291335157 1832.42025107836002462136
0 0 1
0.00653043799659346492 -0.02628228007466830093 0.02495343181698931115
0.00040536204275353648 -0.00014645388568220192
292.99211213149982313553 361.86466618439783360373 5.28351560880028969791
-0.70464299369653971006 0.70919853583151681864 -0.02270876942529080275
0.37370531779899907043 0.34371894668784075400 -0.86151124260600941973
-0.60317707755113447732 -0.61554424898802684307 -0.50723041179984318383
DJI_0277.JPG 4864 3648
3658.99657499093291335157 0 2425.94356205599024178809
0 3658.99657499093291335157 1832.42025107836002462136
0 0 1
0.00653043799659346492 -0.02628228007466830093 0.02495343181698931115
0.00040536204275353648 -0.00014645388568220192
305.64727079246955554481 374.66243282408305503850 5.28575072050682859270
-0.86780366199872260857 0.49631962279413993633 -0.02415856475640959511
0.32041994059617695534 0.52176282775094007249 -0.79062925144829121482
-0.37979977078712062744 -0.69385184557427359575 -0.61181839666948967249
DJI_0278.JPG 4864 3648
3658.99657499093291335157 0 2425.94356205599024178809
0 3658.99657499093291335157 1832.42025107836002462136
0 0 1
0.00653043799659346492 -0.02628228007466830093 0.02495343181698931115
0.00040536204275353648 -0.00014645388568220192
302.11171712700911484717 366.78698093801114055168 4.61886970657514250860
-0.87850642532284639596 0.47711737523358871416 -0.02419650629088794178
0.27212124668205389666 0.45813693586916431899 -0.84620362507886837111
-0.39265313925993106103 -0.74997970522049728359 -0.53231001680101519558
DJI_0279.JPG 4864 3648
3658.99657499093291335157 0 2425.94356205599024178809
0 3658.99657499093291335157 1832.42025107836002462136
0 0 1
0.00653043799659346492 -0.02628228007466830093 0.02495343181698931115
0.00040536204275353648 -0.00014645388568220192
291.76118275268163415603 349.50116810081726725912 4.15465486129901329093
-0.88083513084405207216 0.47274531019679311150 -0.02532476965106840797
0.27064561483250593188 0.45894339115931220840 -0.84623986840796239228
-0.38843329342742577426 -0.75225184306728587469 -0.53219990713922049608
DJI_0280.JPG 4864 3648
3658.99657499093291335157 0 2425.94356205599024178809
0 3658.99657499093291335157 1832.42025107836002462136
0 0 1
0.00653043799659346492 -0.02628228007466830093 0.02495343181698931115
0.00040536204275353648 -0.00014645388568220192
284.34764280508255751556 336.77620745713693395373 4.12236377527798047993
-0.88034018072549924394 0.47369096357501561112 -0.02486035453424878874
0.24039012166105142021 0.40034925125867998341 -0.88426979278068695844
-0.40891778587875116102 -0.78443441283767467720 -0.46631416056992336383
DJI_0281.JPG 4864 3648
3658.99657499093291335157 0 2425.94356205599024178809
0 3658.99657499093291335157 1832.42025107836002462136
0 0 1
0.00653043799659346492 -0.02628228007466830093 0.02495343181698931115
0.00040536204275353648 -0.00014645388568220192
278.95575200759759582070 328.55151593299450496488 3.88524062008878567909
-0.83702462044217629256 0.54666891413571305769 -0.02329985174440114826
0.27317257714113718503 0.38060978119573490863 -0.88346643261428126070
-0.47409548391827166514 -0.74584803598039672856 -0.46791471375933957333
DJI_0282.JPG 4864 3648
3658.99657499093291335157 0 2425.94356205599024178809
0 3658.99657499093291335157 1832.42025107836002462136
0 0 1
0.00653043799659346492 -0.02628228007466830093 0.02495343181698931115
0.00040536204275353648 -0.00014645388568220192
266.02726367197715262591 320.56885386150435124364 3.08245647779034470659
-0.94051779915460864689 0.33898714763150861184 -0.02267119789568478733
0.17563347113250993292 0.42800238340738971932 -0.88654771085122074936
-0.29082495300664501503 -0.83779572303649751941 -0.46208134908307552102
DJI_0283.JPG 4864 3648
3658.99657499093291335157 0 2425.94356205599024178809
0 3658.99657499093291335157 1832.42025107836002462136
0 0 1
0.00653043799659346492 -0.02628228007466830093 0.02495343181698931115
0.00040536204275353648 -0.00014645388568220192
252.83121793426593626464 302.23875822667446300329 3.15418681053433402894
-0.95038281440369609676 0.31011935815244817682 -0.02446405087518143534
0.16375887924006490848 0.43188378609725380786 -0.88693823053036757731
-0.26449108785769648300 -0.84693705728667645349 -0.46123972664812518119
DJI_0284.JPG 4864 3648
3658.99657499093291335157 0 2425.94356205599024178809
0 3658.99657499093291335157 1832.42025107836002462136
0 0 1
0.00653043799659346492 -0.02628228007466830093 0.02495343181698931115
0.00040536204275353648 -0.00014645388568220192
242.12937528417137400538 274.30898910960303282991 3.85452581240250724548
-0.94914283523251252728 0.31379890304990115668 -0.02565398159090072697
0.16654512918832717339 0.43125411852685513470 -0.88672577790276774223
-0.26719019119427073194 -0.84590196459063971002 -0.46158343561187842319
DJI_0285.JPG 4864 3648
3658.99657499093291335157 0 2425.94356205599024178809
0 3658.99657499093291335157 1832.42025107836002462136
0 0 1
0.00653043799659346492 -0.02628228007466830093 0.02495343181698931115
0.00040536204275353648 -0.00014645388568220192
232.68080130172995723115 252.26520335594028665582 4.09532281850980162119
-0.94579339989335375893 0.32374374280733847487 -0.02578436951461977530
0.17110980853392346313 0.42925384398442367750 -0.88682724972120696716
-0.27603673331941641633 -0.84316731816270718003 -0.46138118236513875337
DJI_0286.JPG 4864 3648
3658.99657499093291335157 0 2425.94356205599024178809
0 3658.99657499093291335157 1832.42025107836002462136
0 0 1
0.00653043799659346492 -0.02628228007466830093 0.02495343181698931115
0.00040536204275353648 -0.00014645388568220192
228.38940547302624395343 241.49778399641314763358 4.22945986934179618544
-0.94433374007389825344 0.32798527945967792530 -0.02567963815554948417
0.17315689436681044877 0.42914533138292348946 -0.88648235994038937502
-0.27973286773506655933 -0.84158180886352207395 -0.46204932820935690208
DJI_0287.JPG 4864 3648
3658.99657499093291335157 0 2425.94356205599024178809
0 3658.99657499093291335157 1832.42025107836002462136
0 0 1
0.00653043799659346492 -0.02628228007466830093 0.02495343181698931115
0.00040536204275353648 -0.00014645388568220192
223.93351842805589058116 230.75695884052518636054 4.54915304516925278477
-0.94415646641884032331 0.32845956778104784535 -0.02613195845275309570
0.17384699258425270751 0.42920828697617169345 -0.88631679977330390940
-0.27990317984778223526 -0.84136470018896525325 -0.46234148763336457844
DJI_0288.JPG 4864 3648
3658.99657499093291335157 0 2425.94356205599024178809
0 3658.99657499093291335157 1832.42025107836002462136
0 0 1
0.00653043799659346492 -0.02628228007466830093 0.02495343181698931115
0.00040536204275353648 -0.00014645388568220192
214.98847543466075649121 214.28172713258530279745 3.79839527214127237187
-0.94332014522197282780 0.33081903577965909857 -0.02656819873858300152
0.17516419393586168951 0.42827954638797932629 -0.88650670347635074364
-0.28189467675214446851 -0.84091342937993518447 -0.46195237363529234598
DJI_0289.JPG 4864 3648
3658.99657499093291335157 0 2425.94356205599024178809
0 3658.99657499093291335157 1832.42025107836002462136
0 0 1
0.00653043799659346492 -0.02628228007466830093 0.02495343181698931115
0.00040536204275353648 -0.00014645388568220192
208.74845146732607759077 205.33977443635100712527 3.05414907045001227104
-0.94316658628376148776 0.33132553339944675885 -0.02569399609652020869
0.17464564215352348930 0.42840326909404141675 -0.88654923084187586824
-0.28272900486971497269 -0.84065095607339346273 -0.46192020940663580664
DJI_0290.JPG 4864 3648
3658.99657499093291335157 0 2425.94356205599024178809
0 3658.99657499093291335157 1832.42025107836002462136
0 0 1
0.00653043799659346492 -0.02628228007466830093 0.02495343181698931115
0.00040536204275353648 -0.00014645388568220192
198.75233334421284325799 190.88812508950277901931 1.45287662861247524049
-0.94299268721401896531 0.33181403911278273267 -0.02577276292026487933
0.17477319761278364840 0.42781289748919920646 -0.88680914188910953122
-0.28322980291114557838 -0.84075892394286055875 -0.46141663445670988430
DJI_0291.JPG 4864 3648
3658.99657499093291335157 0 2425.94356205599024178809
0 3658.99657499093291335157 1832.42025107836002462136
0 0 1
0.00653043799659346492 -0.02628228007466830093 0.02495343181698931115
0.00040536204275353648 -0.00014645388568220192
183.99123634681242833722 166.10941124982952032951 -0.40075653619309226094
-0.94203069851587561967 0.33437176933102175092 -0.02781515644632218814
0.17777689393297929632 0.42710443676063258867 -0.88655353819322435527
-0.28455849844493075196 -0.84010554097317136080 -0.46178906547139197958
DJI_0292.JPG 4864 3648
3658.99657499093291335157 0 2425.94356205599024178809
0 3658.99657499093291335157 1832.42025107836002462136
0 0 1
0.00653043799659346492 -0.02628228007466830093 0.02495343181698931115
0.00040536204275353648 -0.00014645388568220192
167.38694331876385490432 135.37135346451955797420 -1.63869058444284143583
-0.94234357051322792387 0.33348778862109318410 -0.02782965959177421955
0.17733199659416876148 0.42710003159569615017 -0.88664475749585358599
-0.28379915097883340325 -0.84045907565542321560 -0.46161302413615334927
DJI_0293.JPG 4864 3648
3658.99657499093291335157 0 2425.94356205599024178809
0 3658.99657499093291335157 1832.42025107836002462136
0 0 1
0.00653043799659346492 -0.02628228007466830093 0.02495343181698931115
0.00040536204275353648 -0.00014645388568220192
150.78162571969613736655 105.43722368086424978628 -2.64572819740937248412
-0.94051512671419779110 0.33857574059545614276 -0.02824472166644049001
0.17977205304547244635 0.42538762395078427714 -0.88697653764534367671
-0.28829378308522735086 -0.83929246229770482213 -0.46094995104095992655
DJI_0294.JPG 4864 3648
3658.99657499093291335157 0 2425.94356205599024178809
0 3658.99657499093291335157 1832.42025107836002462136
0 0 1
0.00653043799659346492 -0.02628228007466830093 0.02495343181698931115
0.00040536204275353648 -0.00014645388568220192
138.58046964797071609610 83.32946029674276644528 -3.24141033981850501533
-0.93907001450776650398 0.34259834971022418149 -0.02781867409159047289
0.18155336087677026446 0.42566037863459299517 -0.88648272358518309666
-0.29186621079996977191 -0.83751991787448609728 -0.46192477976049495236
DJI_0295.JPG 4864 3648
3658.99657499093291335157 0 2425.94356205599024178809
0 3658.99657499093291335157 1832.42025107836002462136
0 0 1
0.00653043799659346492 -0.02628228007466830093 0.02495343181698931115
0.00040536204275353648 -0.00014645388568220192
123.79259429209501774949 58.56399577128468081355 -4.08579104671522674863
-0.85794912949076906905 0.51295567220478999193 -0.02828019729357911238
0.26131118999380859025 0.38833913460541980012 -0.88369065770660570891
-0.44231182800152585299 -0.76555156252655232052 -0.46721627959982614531
DJI_0296.JPG 4864 3648
3658.99657499093291335157 0 2425.94356205599024178809
0 3658.99657499093291335157 1832.42025107836002462136
0 0 1
0.00653043799659346492 -0.02628228007466830093 0.02495343181698931115
0.00040536204275353648 -0.00014645388568220192
107.40253292559668807371 40.33130312210537482542 -4.34226656258735754790
-0.83331016835285687261 0.55217963927281421554 -0.02630226781625743041
0.23279418938978890807 0.30736603365574366453 -0.92267707608950999543
-0.50139907130556637949 -0.77499920472687011674 -0.38467545277367842793
DJI_0297.JPG 4864 3648
3658.99657499093291335157 0 2425.94356205599024178809
0 3658.99657499093291335157 1832.42025107836002462136
0 0 1
0.00653043799659346492 -0.02628228007466830093 0.02495343181698931115
0.00040536204275353648 -0.00014645388568220192
101.66596340785754648550 26.39842664103187885871 -0.97778047032348491818
-0.53087745424605603528 -0.84744677412794799931 -0.00175886138200175533
-0.50036894164972545163 0.31512655804095535128 -0.80642803438967436414
0.68395910024325290433 -0.42723438232122057379 -0.59132963037297980868
DJI_0298.JPG 4864 3648
3658.99657499093291335157 0 2425.94356205599024178809
0 3658.99657499093291335157 1832.42025107836002462136
0 0 1
0.00653043799659346492 -0.02628228007466830093 0.02495343181698931115
0.00040536204275353648 -0.00014645388568220192
103.11099721474407431288 27.92490219387914862637 -0.75661426316384716717
0.02715651003338131683 -0.99949084123268527868 0.01675058968472167495
-0.59330468670235614326 -0.02960189244382994966 -0.80443351291499720634
0.80451977769339266811 0.01190740339969078784 -0.59380648450859074838
DJI_0299.JPG 4864 3648
3658.99657499093291335157 0 2425.94356205599024178809
0 3658.99657499093291335157 1832.42025107836002462136
0 0 1
0.00653043799659346492 -0.02628228007466830093 0.02495343181698931115
0.00040536204275353648 -0.00014645388568220192
104.46191874301094060229 29.52801586142189549378 -7.69444134784595323850
0.59018565318180304935 -0.80670720003716256397 0.03007304751051698491
-0.28121023341364870252 -0.24036699043083881167 -0.92905571121147645375
0.75670449939313144672 0.53985850305373761504 -0.36871546926969028801
DJI_0300.JPG 4864 3648
3658.99657499093291335157 0 2425.94356205599024178809
0 3658.99657499093291335157 1832.42025107836002462136
0 0 1
0.00653043799659346492 -0.02628228007466830093 0.02495343181698931115
0.00040536204275353648 -0.00014645388568220192
130.93140389161712278110 49.86779701540704934359 -7.33895132443540987310
0.67456001749200267259 -0.73763677475585953669 0.02933890469943149434
-0.25595420969355375806 -0.27097485841535073892 -0.92793322423918467301
0.69242777626358797960 0.61843723580857745681 -0.37159004295608988322
DJI_0301.JPG 4864 3648
3658.99657499093291335157 0 2425.94356205599024178809
0 3658.99657499093291335157 1832.42025107836002462136
0 0 1
0.00653043799659346492 -0.02628228007466830093 0.02495343181698931115
0.00040536204275353648 -0.00014645388568220192
156.23902162983404195984 65.36447376062042735612 -5.30446396269117048661
0.70083723169109979345 -0.71271978555653026088 0.02928620753544690369
-0.24633875986724715346 -0.28035371127993080620 -0.92774943382285923743
0.66943587449629737840 0.64298701685790105032 -0.37205282701459857497
DJI_0302.JPG 4864 3648
3658.99657499093291335157 0 2425.94356205599024178809
0 3658.99657499093291335157 1832.42025107836002462136
0 0 1
0.00653043799659346492 -0.02628228007466830093 0.02495343181698931115
0.00040536204275353648 -0.00014645388568220192
170.45187418189323125262 75.71919200826005180716 -4.91015570394656997166
0.73022729212775305818 -0.68253585762030977158 0.03021431604847707800
-0.23446332813537126838 -0.29189421677987875681 -0.92726733683989237544
0.64171259111182654689 0.67003176736104774758 -0.37317875225630997571
DJI_0303.JPG 4864 3648
3658.99657499093291335157 0 2425.94356205599024178809
0 3658.99657499093291335157 1832.42025107836002462136
0 0 1
0.00653043799659346492 -0.02628228007466830093 0.02495343181698931115
0.00040536204275353648 -0.00014645388568220192
185.25163205767529461809 90.22735735772525345055 -4.63743011062077137296
0.73763482273181268933 -0.67450702232581594142 0.03058014268391257007
-0.23117633720644639728 -0.29484697292481815145 -0.92715843504380779372
0.63439133774762279661 0.67683494250092668398 -0.37341945744771876114
DJI_0304.JPG 4864 3648
3658.99657499093291335157 0 2425.94356205599024178809
0 3658.99657499093291335157 1832.42025107836002462136
0 0 1
0.00653043799659346492 -0.02628228007466830093 0.02495343181698931115
0.00040536204275353648 -0.00014645388568220192
204.87690729549947832311 111.67132379518898233073 -4.06459877539703029470
0.76339473920651790273 -0.64516826793159165465 0.03140665862460392810
-0.21946567410884795790 -0.30479831552590319621 -0.92678627781194555801
0.60750579424377615378 0.70061108534387439573 -0.37427371942672743588
DJI_0305.JPG 4864 3648
3658.99657499093291335157 0 2425.94356205599024178809
0 3658.99657499093291335157 1832.42025107836002462136
0 0 1
0.00653043799659346492 -0.02628228007466830093 0.02495343181698931115
0.00040536204275353648 -0.00014645388568220192
229.25034382436578539455 140.16867871438623183167 -3.62478772456117059875
0.79603115422521764089 -0.60438923336951522192 0.03237369441193800601
-0.24400574110678890927 -0.36940499953017930101 -0.89666110913155760986
0.55389132490931336505 0.70587081035350784930 -0.44153233095786714735
DJI_0306.JPG 4864 3648
3658.99657499093291335157 0 2425.94356205599024178809
0 3658.99657499093291335157 1832.42025107836002462136
0 0 1
0.00653043799659346492 -0.02628228007466830093 0.02495343181698931115
0.00040536204275353648 -0.00014645388568220192
251.71875372376723589696 165.94268088451858034205 -3.52070843457963933432
0.87899542474069403131 -0.47566401160299820461 0.03332853658158203836
-0.18603033665635626548 -0.40644936237164552839 -0.89453430882845719196
0.43904414029622329529 0.78009144585325740362 -0.44575506612726750744
DJI_0307.JPG 4864 3648
3658.99657499093291335157 0 2425.94356205599024178809
0 3658.99657499093291335157 1832.42025107836002462136
0 0 1
0.00653043799659346492 -0.02628228007466830093 0.02495343181698931115
0.00040536204275353648 -0.00014645388568220192
268.40602152680685321684 190.23068548142970257686 -3.89375044896466082633
0.94553247796912520684 -0.32364729662707386604 0.03493938310206059356
-0.11648546283533031676 -0.43661525610551848997 -0.89207525191765713046
0.30397281137234061221 0.83941619326880945184 -0.45053411016758326824
DJI_0308.JPG 4864 3648
3658.99657499093291335157 0 2425.94356205599024178809
0 3658.99657499093291335157 1832.42025107836002462136
0 0 1
0.00653043799659346492 -0.02628228007466830093 0.02495343181698931115
0.00040536204275353648 -0.00014645388568220192
280.76736414574293121404 219.66435836091812916493 -4.07324284761162846991
0.99622729769866269489 -0.07990899487412309043 0.03384854292621076316
-0.00660545430337899919 -0.45873043728667617369 -0.88855092925516709901
0.08653056854930595010 0.88497510611597562935 -0.45752761912430117697
DJI_0309.JPG 4864 3648
3658.99657499093291335157 0 2425.94356205599024178809
0 3658.99657499093291335157 1832.42025107836002462136
0 0 1
0.00653043799659346492 -0.02628228007466830093 0.02495343181698931115
0.00040536204275353648 -0.00014645388568220192
285.51977324057043006178 248.08929468779405169698 -4.24144481211756829708
0.99787944269422867993 0.05683849821635501148 0.03171754985437844065
0.05433880607151508196 -0.45920885173304515359 -0.88666483219125158399
-0.03583171783459243587 0.88650810239417865422 -0.46132360917960241187
DJI_0310.JPG 4864 3648
3658.99657499093291335157 0 2425.94356205599024178809
0 3658.99657499093291335157 1832.42025107836002462136
0 0 1
0.00653043799659346492 -0.02628228007466830093 0.02495343181698931115
0.00040536204275353648 -0.00014645388568220192
282.47205295419570347804 272.49619105674025831831 -4.18917048280867021504
0.82808956925066501409 0.56023363772182221965 0.02014786497925019973
0.27958502097370274697 -0.38157354938682352952 -0.88104133981072396686
-0.48590110243277107038 0.73521418482869027589 -0.47261000950181147884
DJI_0311.JPG 4864 3648
3658.99657499093291335157 0 2425.94356205599024178809
0 3658.99657499093291335157 1832.42025107836002462136
0 0 1
0.00653043799659346492 -0.02628228007466830093 0.02495343181698931115
0.00040536204275353648 -0.00014645388568220192
267.17530222404434425698 295.64595032113305705934 -4.82570737186521991902
0.30360387966741186894 0.95279805021729857550 -0.00074816643182481352
0.45426873945365703333 -0.14544039466821204187 -0.87891239833895851152
-0.83753483307029152893 0.26650134540161091179 -0.47698263730774320690
DJI_0312.JPG 4864 3648
3658.99657499093291335157 0 2425.94356205599024178809
0 3658.99657499093291335157 1832.42025107836002462136
0 0 1
0.00653043799659346492 -0.02628228007466830093 0.02495343181698931115
0.00040536204275353648 -0.00014645388568220192
212.26185154769970608868 245.27394765664706710595 -8.25024114832763189042
-0.92982893223418883188 0.36656086534738574478 -0.03242358363913849795
0.17544377623800977428 0.36412965220337284444 -0.91467430146779460376
-0.32347741522334388931 -0.85617914502867131787 -0.40288910814068662480
DJI_0313.JPG 4864 3648
3658.99657499093291335157 0 2425.94356205599024178809
0 3658.99657499093291335157 1832.42025107836002462136
0 0 1
0.00653043799659346492 -0.02628228007466830093 0.02495343181698931115
0.00040536204275353648 -0.00014645388568220192
181.07164573648137206874 185.15603327942216083102 -9.24015057596467670464
-0.83503220548834966586 0.54908767208038755658 -0.03498491341426365753
0.25225281267440874400 0.32555662108706839852 -0.91125265704096614083
-0.48896802993152049810 -0.76975035877595521239 -0.41035917300479080039
DJI_0120.JPG 4864 3648
3658.99657499093291335157 0 2425.94356205599024178809
0 3658.99657499093291335157 1832.42025107836002462136
0 0 1
0.00653043799659346492 -0.02628228007466830093 0.02495343181698931115
0.00040536204275353648 -0.00014645388568220192
-165.26097478551190533835 -133.69952607589513604580 -1.21891841648046872493
0.17461758400268131974 -0.98421886866955066164 -0.02866911076221426505
-0.98436023282072260265 -0.17518407715618417031 0.01858685428114850366
-0.02331590440448471149 0.02497514095587227353 -0.99941613501885939730
DJI_0121.JPG 4864 3648
3658.99657499093291335157 0 2425.94356205599024178809
0 3658.99657499093291335157 1832.42025107836002462136
0 0 1
0.00653043799659346492 -0.02628228007466830093 0.02495343181698931115
0.00040536204275353648 -0.00014645388568220192
-142.96988341316657056268 -130.39235463330891207079 -1.99001124314715061026
0.16836650242608033889 -0.98539918188264608023 -0.02532139818059847211
-0.98541746792688345025 -0.16889958910560509686 0.02062383825885715297
-0.02459948709584035623 0.02147978456524878010 -0.99946659978693241921
DJI_0122.JPG 4864 3648
3658.99657499093291335157 0 2425.94356205599024178809
0 3658.99657499093291335157 1832.42025107836002462136
0 0 1
0.00653043799659346492 -0.02628228007466830093 0.02495343181698931115
0.00040536204275353648 -0.00014645388568220192
-126.49782724008382217562 -127.88155633170441660695 -8.87466306308443186879
0.16832366597712900003 -0.98534955343699925923 -0.02744815136809975256
-0.98549798993914605738 -0.16882491624060524948 0.01708389540635218626
-0.02146754056529242422 0.02417447409684069654 -0.99947723310949843079
DJI_0123.JPG 4864 3648
3658.99657499093291335157 0 2425.94356205599024178809
0 3658.99657499093291335157 1832.42025107836002462136
0 0 1
0.00653043799659346492 -0.02628228007466830093 0.02495343181698931115
0.00040536204275353648 -0.00014645388568220192
-107.23968439292634968751 -127.16430685261839528266 -9.27299373981193930661
0.17292508125447120237 -0.98446062637923881233 -0.03056454452681178074
-0.98461085401124293082 -0.17358097465776092805 0.02027588222772287729
-0.02526623114723025934 0.02658797370727374390 -0.99932712222662911650
DJI_0124.JPG 4864 3648
3658.99657499093291335157 0 2425.94356205599024178809
0 3658.99657499093291335157 1832.42025107836002462136
0 0 1
0.00653043799659346492 -0.02628228007466830093 0.02495343181698931115
0.00040536204275353648 -0.00014645388568220192
-87.45437868128833258652 -126.43937985462463302611 -9.33765167054282052561
0.16461682315579687086 -0.98616210207784082975 -0.01963695392639795007
-0.98613910809013793912 -0.16496675034903224288 0.01776600051974194447
-0.02075960089405626610 0.01644018566484104979 -0.99964931814413049427
DJI_0125.JPG 4864 3648
3658.99657499093291335157 0 2425.94356205599024178809
0 3658.99657499093291335157 1832.42025107836002462136
0 0 1
0.00653043799659346492 -0.02628228007466830093 0.02495343181698931115
0.00040536204275353648 -0.00014645388568220192
-61.85887979642352263454 -131.10048701943509286139 -8.69805576251601486604
0.17374474719441548864 -0.98467976856524908058 -0.01478229348362907099
-0.98453786005418020277 -0.17402070211690326418 0.02004987168725396590
-0.02231512810368742675 0.01107016770548261038 -0.99968969507777183381
DJI_0128.JPG 4864 3648
3658.99657499093291335157 0 2425.94356205599024178809
0 3658.99657499093291335157 1832.42025107836002462136
0 0 1
0.00653043799659346492 -0.02628228007466830093 0.02495343181698931115
0.00040536204275353648 -0.00014645388568220192
-33.56772628575101435899 -96.72319672653664213158 -10.42013282869564783084
0.58020187329125394449 0.81444155090274006348 0.00712365022015689405
0.81399767405551859412 -0.57954262268651912660 -0.03921906579505268081
-0.02781317783938818539 0.02855361015301530192 -0.99920524342384442473
DJI_0129.JPG 4864 3648
3658.99657499093291335157 0 2425.94356205599024178809
0 3658.99657499093291335157 1832.42025107836002462136
0 0 1
0.00653043799659346492 -0.02628228007466830093 0.02495343181698931115
0.00040536204275353648 -0.00014645388568220192
-44.92201520488110588758 -88.28541097223849476450 -10.36075400227063170178
0.55812739450488513260 0.82972027449750562766 0.00762086550020218533
0.82942478115465567701 -0.55762236389281671922 -0.03334414031188222965
-0.02341674421732630948 0.02493121285399040044 -0.99941487417182717223
DJI_0130.JPG 4864 3648
3658.99657499093291335157 0 2425.94356205599024178809
0 3658.99657499093291335157 1832.42025107836002462136
0 0 1
0.00653043799659346492 -0.02628228007466830093 0.02495343181698931115
0.00040536204275353648 -0.00014645388568220192
-58.20740066639810805782 -77.57209606647944610813 -9.70800075107678317465
0.55914519601386003522 0.82905620379982292167 0.00473927374692541172
0.82882989093770653710 -0.55883680146750602802 -0.02724777447346682022
-0.01994145588495540439 0.01916351394169617944 -0.99961747587294347284
DJI_0131.JPG 4864 3648
3658.99657499093291335157 0 2425.94356205599024178809
0 3658.99657499093291335157 1832.42025107836002462136
0 0 1
0.00653043799659346492 -0.02628228007466830093 0.02495343181698931115
0.00040536204275353648 -0.00014645388568220192
-77.28802307703138296802 -64.28390056149432041366 -8.64851954498057828857
0.54661513428695973627 0.83735994609493036300 0.00634158058722055027
0.83721450942527042560 -0.54633650822748680564 -0.02425458689817095587
-0.01684518258294194493 0.01856718755472912263 -0.99968570029287451284
DJI_0132.JPG 4864 3648
3658.99657499093291335157 0 2425.94356205599024178809
0 3658.99657499093291335157 1832.42025107836002462136
0 0 1
0.00653043799659346492 -0.02628228007466830093 0.02495343181698931115
0.00040536204275353648 -0.00014645388568220192
-101.59017849499991825724 -59.63338971114436048993 -7.26820270652656752475
-0.38836621515600683319 0.92086148617305074726 0.03443553700116305100
0.92149854241510653630 0.38823336070511405005 0.01073750261684836178
-0.00348127164010883332 0.03590238040538634018 -0.99934923816901699567
DJI_0133.JPG 4864 3648
3658.99657499093291335157 0 2425.94356205599024178809
0 3658.99657499093291335157 1832.42025107836002462136
0 0 1
0.00653043799659346492 -0.02628228007466830093 0.02495343181698931115
0.00040536204275353648 -0.00014645388568220192
-133.92498576546611843696 -69.39676769055269289765 -6.98577274336431930379
-0.53079878109391365193 0.84749105861371487602 0.00339993514942583432
0.84746213886884136368 0.53080896815514833076 -0.00705425473848194252
-0.00778313388450802349 -0.00086307350296440906 -0.99996933849546820738
DJI_0134.JPG 4864 3648
3658.99657499093291335157 0 2425.94356205599024178809
0 3658.99657499093291335157 1832.42025107836002462136
0 0 1
0.00653043799659346492 -0.02628228007466830093 0.02495343181698931115
0.00040536204275353648 -0.00014645388568220192
-162.05069499528153187384 -81.08982415277669986153 -6.22638219289941474699
-0.38776386611587765341 0.92166499990749206628 0.01314580086530179465
0.92175265498854419555 0.38767002517454784982 0.00916485694025022044
0.00335069491859675810 0.01567097720909298858 -0.99987158841366952089
DJI_0135.JPG 4864 3648
3658.99657499093291335157 0 2425.94356205599024178809
0 3658.99657499093291335157 1832.42025107836002462136
0 0 1
0.00653043799659346492 -0.02628228007466830093 0.02495343181698931115
0.00040536204275353648 -0.00014645388568220192
-176.84423226339109191940 -83.90569801832440077760 -6.14223499942535422491
-0.32686663149251554694 0.94489649522880969634 0.01813335382791001274
0.94507047507802943720 0.32680547239311397156 0.00632300163698833618
0.00004850282231469178 0.01920407556290495976 -0.99981558355991362319
DJI_0136.JPG 4864 3648
3658.99657499093291335157 0 2425.94356205599024178809
0 3658.99657499093291335157 1832.42025107836002462136
0 0 1
0.00653043799659346492 -0.02628228007466830093 0.02495343181698931115
0.00040536204275353648 -0.00014645388568220192
-189.72154677366293640262 -82.85459537926824680198 -6.48518384451019347381
-0.38485060929168823929 0.92284058359617016087 0.01597703964119361400
0.92297752312394232277 0.38476272476619904905 0.00837480975798780836
0.00158124501852513998 0.01796949911294550700 -0.99983728514484859762
DJI_0137.JPG 4864 3648
3658.99657499093291335157 0 2425.94356205599024178809
0 3658.99657499093291335157 1832.42025107836002462136
0 0 1
0.00653043799659346492 -0.02628228007466830093 0.02495343181698931115
0.00040536204275353648 -0.00014645388568220192
-230.88937309957481147649 -147.88813739955824644312 4.90152474630598700145
0.74771931626279530825 -0.66299867025972425427 -0.03672311698828762544
-0.59294447345270850924 -0.64177430626117970558 -0.48635644462150601219
0.29888572312739924985 0.38543287749855892343 -0.87298844290963706349
DJI_0138.JPG 4864 3648
3658.99657499093291335157 0 2425.94356205599024178809
0 3658.99657499093291335157 1832.42025107836002462136
0 0 1
0.00653043799659346492 -0.02628228007466830093 0.02495343181698931115
0.00040536204275353648 -0.00014645388568220192
-223.61868030883402980180 -154.57803447215511027935 3.91362130030586108376
0.81710887496737716340 -0.57539149868975902891 -0.03546420286853022019
-0.51703882162707481829 -0.70425660886609087186 -0.48651154744663555052
0.25495870916686325103 0.41586927285384645003 -0.87295406781570128452
DJI_0139.JPG 4864 3648
3658.99657499093291335157 0 2425.94356205599024178809
0 3658.99657499093291335157 1832.42025107836002462136
0 0 1
0.00653043799659346492 -0.02628228007466830093 0.02495343181698931115
0.00040536204275353648 -0.00014645388568220192
-213.46121536566218424014 -160.69983765657568142160 4.04294082861777415161
0.89320450485893398973 -0.44851667426961233653 -0.03191403142558361244
-0.40592289797674924179 -0.77377754384779018348 -0.48630742697910644967
0.19342262897051190618 0.44732662064648892608 -0.87320477613394209548
DJI_0140.JPG 4864 3648
3658.99657499093291335157 0 2425.94356205599024178809
0 3658.99657499093291335157 1832.42025107836002462136
0 0 1
0.00653043799659346492 -0.02628228007466830093 0.02495343181698931115
0.00040536204275353648 -0.00014645388568220192
-203.35018493686925467046 -164.89703920125609215575 4.15488672740233067060
0.94959360636287004631 -0.31224458256018289282 -0.02784427080344715338
-0.28210849729382003748 -0.81244325023202157432 -0.51024578480086579813
0.13669959220634608776 0.49238124031510976941 -0.85957776592718637687
DJI_0141.JPG 4864 3648
3658.99657499093291335157 0 2425.94356205599024178809
0 3658.99657499093291335157 1832.42025107836002462136
0 0 1
0.00653043799659346492 -0.02628228007466830093 0.02495343181698931115
0.00040536204275353648 -0.00014645388568220192
-194.77654003450180653090 -167.34474221861637488473 4.62829696380731903105
0.98039548587436464722 -0.19529269815710448288 -0.02618116352813007128
-0.18104528779151651818 -0.84038551291090712869 -0.51085692073021637949
0.07776435588144206545 0.50558179529724933676 -0.85926698599350070928
DJI_0142.JPG 4864 3648
3658.99657499093291335157 0 2425.94356205599024178809
0 3658.99657499093291335157 1832.42025107836002462136
0 0 1
0.00653043799659346492 -0.02628228007466830093 0.02495343181698931115
0.00040536204275353648 -0.00014645388568220192
-185.10270161742778327607 -168.78200834888090753338 5.17375518037775794511
0.99774643172958776827 -0.06313515250687048996 -0.02271586425406655826
-0.06585903105693671766 -0.85675756149494708414 -0.51149689036148926480
0.01283144571419834318 0.51184024200834987717 -0.85898481980866081553
DJI_0143.JPG 4864 3648
3658.99657499093291335157 0 2425.94356205599024178809
0 3658.99657499093291335157 1832.42025107836002462136
0 0 1
0.00653043799659346492 -0.02628228007466830093 0.02495343181698931115
0.00040536204275353648 -0.00014645388568220192
-172.95908872573852477217 -169.26950441458069462897 5.26828690205028404847
0.99508772983866222717 0.09722748798545825799 -0.01863398788706172038
0.06209657060135558709 -0.75961293564436205283 -0.64740420443591895072
-0.07710010275018092107 0.64306687333572998266 -0.76191900525851152803
DJI_0144.JPG 4864 3648
3658.99657499093291335157 0 2425.94356205599024178809
0 3658.99657499093291335157 1832.42025107836002462136
0 0 1
0.00653043799659346492 -0.02628228007466830093 0.02495343181698931115
0.00040536204275353648 -0.00014645388568220192
-163.08414445696803340979 -167.92964796929021531469 6.01203047611202023859
0.99310964780830313092 0.11591928356737685180 -0.01720311388365711527
0.07737685703264170212 -0.75887051375498915107 -0.64662846005182073039
-0.08801164369455968806 0.64084183934139715699 -0.76261109847924246630
DJI_0145.JPG 4864 3648
3658.99657499093291335157 0 2425.94356205599024178809
0 3658.99657499093291335157 1832.42025107836002462136
0 0 1
0.00653043799659346492 -0.02628228007466830093 0.02495343181698931115
0.00040536204275353648 -0.00014645388568220192
-149.40653071593328604649 -163.62533278727644869832 6.44099597422083469667
0.99888834085955835462 -0.04403701966732789103 -0.01681735394341095716
-0.04454661361762581040 -0.76515944155578763386 -0.64229792792226647613
0.01541692933241045269 0.64233306772799303452 -0.76627054516867920686
DJI_0146.JPG 4864 3648
3658.99657499093291335157 0 2425.94356205599024178809
0 3658.99657499093291335157 1832.42025107836002462136
0 0 1
0.00653043799659346492 -0.02628228007466830093 0.02495343181698931115
0.00040536204275353648 -0.00014645388568220192
-136.66976736358341781852 -162.73038286115030359724 6.58850994600968853376
0.97148691198820391612 -0.23648990608019618276 -0.01690278550428033280
-0.19236937735935877303 -0.74455315305642322254 -0.63924535581270447437
0.13859005191569978566 0.62427007504438214447 -0.76881705945828571203
DJI_0147.JPG 4864 3648
3658.99657499093291335157 0 2425.94356205599024178809
0 3658.99657499093291335157 1832.42025107836002462136
0 0 1
0.00653043799659346492 -0.02628228007466830093 0.02495343181698931115
0.00040536204275353648 -0.00014645388568220192
-129.35025389794392935983 -159.21229696891478511134 6.53805725915410462790
0.98658794344089939532 -0.16235774977858974388 -0.01685796381208478842
-0.13546220226112529184 -0.75675159925716939391 -0.63951310289960638933
0.09107261726568915972 0.63321953389685425861 -0.76859534234591087021
DJI_0148.JPG 4864 3648
3658.99657499093291335157 0 2425.94356205599024178809
0 3658.99657499093291335157 1832.42025107836002462136
0 0 1
0.00653043799659346492 -0.02628228007466830093 0.02495343181698931115
0.00040536204275353648 -0.00014645388568220192
-113.45728929383180627610 -158.54333826670045937135 6.11694915383303960965
0.99980022337012253164 -0.01195638350810876785 -0.01601743557690381292
-0.01944985991253731991 -0.76663691596199190492 -0.64178621209376929269
-0.00460611533028788909 0.64196953508534415622 -0.76671630980687455192
DJI_0149.JPG 4864 3648
3658.99657499093291335157 0 2425.94356205599024178809
0 3658.99657499093291335157 1832.42025107836002462136
0 0 1
0.00653043799659346492 -0.02628228007466830093 0.02495343181698931115
0.00040536204275353648 -0.00014645388568220192
-100.73273917995996384889 -158.42066592979938377539 6.33883395313783815084
0.99968802074027907079 -0.01965643651554249000 -0.01541057078416475240
-0.02496418863633868834 -0.76639640010249898694 -0.64188265843194391991
0.00080651975338653925 0.64206711675138816720 -0.76664800731003446277
DJI_0150.JPG 4864 3648
3658.99657499093291335157 0 2425.94356205599024178809
0 3658.99657499093291335157 1832.42025107836002462136
0 0 1
0.00653043799659346492 -0.02628228007466830093 0.02495343181698931115
0.00040536204275353648 -0.00014645388568220192
-84.98969520562930313190 -151.89402379230105566421 6.55867203378638574662
0.99926321707038767705 0.03516160533796859611 -0.01538455459856272710
0.01703794755755026064 -0.76558768806066412882 -0.64310590125806910144
-0.03439086147751152511 0.64236995057364265627 -0.76562269770876723030
DJI_0151.JPG 4864 3648
3658.99657499093291335157 0 2425.94356205599024178809
0 3658.99657499093291335157 1832.42025107836002462136
0 0 1
0.00653043799659346492 -0.02628228007466830093 0.02495343181698931115
0.00040536204275353648 -0.00014645388568220192
-74.25115764449537891778 -145.18345065543414307285 7.08352122439881259908
0.98767228702415277297 0.15589769576495282610 -0.01411955734638763171
0.11016601763682169757 -0.75634612270709578041 -0.64482865260779653749
-0.11120657355805549371 0.63532389465619898417 -0.76419673309714941656
DJI_0152.JPG 4864 3648
3658.99657499093291335157 0 2425.94356205599024178809
0 3658.99657499093291335157 1832.42025107836002462136
0 0 1
0.00653043799659346492 -0.02628228007466830093 0.02495343181698931115
0.00040536204275353648 -0.00014645388568220192
-66.69404137606296956164 -136.53220548146282453672 7.37931766804009647842
0.99988472970140873652 -0.00250871029444691340 -0.01497443429980328637
-0.01154448360152949063 -0.76620469739473495707 -0.64249286890098378233
-0.00986165342701748708 0.64259168066735905533 -0.76614533851533950237
DJI_0153.JPG 4864 3648
3658.99657499093291335157 0 2425.94356205599024178809
0 3658.99657499093291335157 1832.42025107836002462136
0 0 1
0.00653043799659346492 -0.02628228007466830093 0.02495343181698931115
0.00040536204275353648 -0.00014645388568220192
-62.76345503009441273434 -126.78004968141689801087 6.93893165810954481998
0.93375467471312578738 -0.35760091506921382054 -0.01495971233165004251
-0.25606087105843305940 -0.63824583211750640643 -0.72599937196765429448
0.25007006570995515826 0.68173590438401643343 -0.68753263115980611797
DJI_0154.JPG 4864 3648
3658.99657499093291335157 0 2425.94356205599024178809
0 3658.99657499093291335157 1832.42025107836002462136
0 0 1
0.00653043799659346492 -0.02628228007466830093 0.02495343181698931115
0.00040536204275353648 -0.00014645388568220192
-59.96857578961584778199 -116.35388213642818300286 7.37534435799662801969
0.94471704213373941528 -0.32746934258565085774 -0.01653904376317194905
-0.24423180370995017929 -0.66913703766946064366 -0.70185928139159281525
0.21877051071536782190 0.66709778480029469083 -0.71212359120863055750
DJI_0155.JPG 4864 3648
3658.99657499093291335157 0 2425.94356205599024178809
0 3658.99657499093291335157 1832.42025107836002462136
0 0 1
0.00653043799659346492 -0.02628228007466830093 0.02495343181698931115
0.00040536204275353648 -0.00014645388568220192
-57.96324823864275543883 -106.29930647341691951624 6.85689466087061649802
0.73215519865897082941 0.68111538213612099479 -0.00553184365368212215
0.52406836383073762686 -0.56849032388880949007 -0.63416961585728004458
-0.43508747983413242899 0.46141151682891751173 -0.77317416991853848973
DJI_0156.JPG 4864 3648
3658.99657499093291335157 0 2425.94356205599024178809
0 3658.99657499093291335157 1832.42025107836002462136
0 0 1
0.00653043799659346492 -0.02628228007466830093 0.02495343181698931115
0.00040536204275353648 -0.00014645388568220192
-57.56898719911094275403 -92.29006167673915683736 5.97939441683801131688
0.46721723832393058373 0.88413018456782055399 0.00467642481293162587
0.68467301880694608762 -0.35845776194298117900 -0.63461081791962248300
-0.55940227880367321411 0.29970293565279038095 -0.77281772807716875295
DJI_0157.JPG 4864 3648
3658.99657499093291335157 0 2425.94356205599024178809
0 3658.99657499093291335157 1832.42025107836002462136
0 0 1
0.00653043799659346492 -0.02628228007466830093 0.02495343181698931115
0.00040536204275353648 -0.00014645388568220192
-58.69415088986171724628 -79.20654588105021787214 4.91571939991062034636
0.26272651226794069279 0.96477904395908187229 0.01327313410327413123
0.75056386651815742983 -0.19570871906225395520 -0.63115131272962210485
-0.60632389201551106783 0.17578251796015340047 -0.77554615874927201880
DJI_0158.JPG 4864 3648
3658.99657499093291335157 0 2425.94356205599024178809
0 3658.99657499093291335157 1832.42025107836002462136
0 0 1
0.00653043799659346492 -0.02628228007466830093 0.02495343181698931115
0.00040536204275353648 -0.00014645388568220192
-62.20972801637590521295 -65.04441776312661716020 -2.54975329558928409668
0.00709449080548432871 0.99977136946205402701 0.02017119243327045175
0.77949083605604141400 0.00710623093668970827 -0.62637332157949365818
-0.62637345466172522634 0.02016705942480367941 -0.77926220555682801372
DJI_0159.JPG 4864 3648
3658.99657499093291335157 0 2425.94356205599024178809
0 3658.99657499093291335157 1832.42025107836002462136
0 0 1
0.00653043799659346492 -0.02628228007466830093 0.02495343181698931115
0.00040536204275353648 -0.00014645388568220192
-66.78857110873353519764 -48.66821488355622449262 -2.11543476328400092967
-0.41635617653109380232 0.90877846732277101083 0.02773502469593003630
0.67046138242363850779 0.32748962364942474368 -0.66575677321416837362
-0.61410835277090325413 -0.25859668159594267900 -0.74565319507434191237
DJI_0160.JPG 4864 3648
3658.99657499093291335157 0 2425.94356205599024178809
0 3658.99657499093291335157 1832.42025107836002462136
0 0 1
0.00653043799659346492 -0.02628228007466830093 0.02495343181698931115
0.00040536204275353648 -0.00014645388568220192
-71.78359739509971859661 -38.64858324769874542426 -1.76672959838697751778
-0.52043583721959385535 0.85338365316064646038 0.02971329425913216485
0.56198051316798158794 0.36850751924288499550 -0.74052691448785767925
-0.64290313590539627242 -0.36869845236947240696 -0.67136950263127337379
DJI_0161.JPG 4864 3648
3658.99657499093291335157 0 2425.94356205599024178809
0 3658.99657499093291335157 1832.42025107836002462136
0 0 1
0.00653043799659346492 -0.02628228007466830093 0.02495343181698931115
0.00040536204275353648 -0.00014645388568220192
-80.28388462798369573648 -24.96235752489125658826 -1.19104324919844017927
-0.62644748644059333742 0.77878724518481934336 0.03246495756508317732
0.37909869371089249812 0.34080603309995033401 -0.86031123916253149364
-0.68106367335144046837 -0.52663239032565745124 -0.50873431012752312608
DJI_0162.JPG 4864 3648
3658.99657499093291335157 0 2425.94356205599024178809
0 3658.99657499093291335157 1832.42025107836002462136
0 0 1
0.00653043799659346492 -0.02628228007466830093 0.02495343181698931115
0.00040536204275353648 -0.00014645388568220192
-111.54507573334984726898 -23.64809258600581998166 3.04969135143996750159
-0.95740313476117377967 0.28831178070131963098 -0.01598607701444238263
0.19889786930760697259 0.61832587315559439656 -0.76033726212205710038
-0.20932958494768863500 -0.73112887488814581882 -0.64933172814088058189
DJI_0163.JPG 4864 3648
3658.99657499093291335157 0 2425.94356205599024178809
0 3658.99657499093291335157 1832.42025107836002462136
0 0 1
0.00653043799659346492 -0.02628228007466830093 0.02495343181698931115
0.00040536204275353648 -0.00014645388568220192
-118.97837103989053275654 -18.06812826355536927281 3.59709469202538523191
-0.98599425784094640868 0.16634175085326102783 -0.01207250710304595513
0.11714325513801771006 0.63920655400515680178 -0.76006081275942771747
-0.11871302068581501832 -0.75082980977044599946 -0.64973980598369152073
DJI_0164.JPG 4864 3648
3658.99657499093291335157 0 2425.94356205599024178809
0 3658.99657499093291335157 1832.42025107836002462136
0 0 1
0.00653043799659346492 -0.02628228007466830093 0.02495343181698931115
0.00040536204275353648 -0.00014645388568220192
-131.44539606639926887510 -10.03499110947822892115 3.83331886735057469906
-0.99899788462011229750 0.04425256274195601275 -0.00670352260457192633
0.03482183713905179917 0.67437026051522630521 -0.73757182117464803461
-0.02811878700801499070 -0.73706611808127153740 -0.67523541923821128741
DJI_0165.JPG 4864 3648
3658.99657499093291335157 0 2425.94356205599024178809
0 3658.99657499093291335157 1832.42025107836002462136
0 0 1
0.00653043799659346492 -0.02628228007466830093 0.02495343181698931115
0.00040536204275353648 -0.00014645388568220192
-141.71012313019133443959 -5.18688996464172191736 3.46329329035650301805
-0.99984236318253683073 -0.01745538168935389933 -0.00324937465355533200
-0.00942728371926995420 0.67698985496300223552 -0.73593196873002442171
0.01504576708701111515 -0.73578532597983525854 -0.67704769327242464438
DJI_0166.JPG 4864 3648
3658.99657499093291335157 0 2425.94356205599024178809
0 3658.99657499093291335157 1832.42025107836002462136
0 0 1
0.00653043799659346492 -0.02628228007466830093 0.02495343181698931115
0.00040536204275353648 -0.00014645388568220192
-152.80997562106733766996 -1.52737242474329071307 3.77888711729834847475
-0.99998882225740970409 -0.00348943779394372475 -0.00319048336790220309
0.00052762378246484255 0.58821507879286838438 -0.80870436050131677685
0.00469861398529831595 -0.80869700438704594792 -0.58820666276576250020
DJI_0167.JPG 4864 3648
3658.99657499093291335157 0 2425.94356205599024178809
0 3658.99657499093291335157 1832.42025107836002462136
0 0 1
0.00653043799659346492 -0.02628228007466830093 0.02495343181698931115
0.00040536204275353648 -0.00014645388568220192
-165.90153628581202838177 1.74084103570342629830 3.19287490436222931578
-0.99448765213929934959 -0.10485368724396161577 0.00011837993698821926
-0.06655889866140461686 0.63040651014520487916 -0.77340645521971462806
0.08101989108512100413 -0.76915104903906172940 -0.63391043611117969814
DJI_0168.JPG 4864 3648
3658.99657499093291335157 0 2425.94356205599024178809
0 3658.99657499093291335157 1832.42025107836002462136
0 0 1
0.00653043799659346492 -0.02628228007466830093 0.02495343181698931115
0.00040536204275353648 -0.00014645388568220192
-176.12142815298497566801 2.11736757588332080715 2.95196572197316076114
-0.99014131753613421338 -0.14006493534876915397 0.00140896896828335001
-0.08994778025577616909 0.62807993458972311007 -0.77293272190587702930
0.10737582658525647583 -0.76543935726582179591 -0.63448642397896792833
DJI_0169.JPG 4864 3648
3658.99657499093291335157 0 2425.94356205599024178809
0 3658.99657499093291335157 1832.42025107836002462136
0 0 1
0.00653043799659346492 -0.02628228007466830093 0.02495343181698931115
0.00040536204275353648 -0.00014645388568220192
-191.01140697207176799566 1.41639199969471274443 2.95005443035555758868
-0.98360972284986158964 -0.18028536942742084959 0.00301640276436483060
-0.11449374626188936477 0.61156219219212704097 -0.78286835876032045967
0.13929499338503367745 -0.77038228864089175474 -0.62218006570950601386
DJI_0170.JPG 4864 3648
3658.99657499093291335157 0 2425.94356205599024178809
0 3658.99657499093291335157 1832.42025107836002462136
0 0 1
0.00653043799659346492 -0.02628228007466830093 0.02495343181698931115
0.00040536204275353648 -0.00014645388568220192
-201.14397061597378524311 0.10144832072849570281 2.71996085116163444084
-0.98486038930732489050 -0.17332117419669865188 0.00312796235626588417
-0.11019826419875214385 0.61204509790346506293 -0.78310736217961840477
0.13381463350847169758 -0.77159611760779067691 -0.62187866594021212752
DJI_0171.JPG 4864 3648
3658.99657499093291335157 0 2425.94356205599024178809
0 3658.99657499093291335157 1832.42025107836002462136
0 0 1
0.00653043799659346492 -0.02628228007466830093 0.02495343181698931115
0.00040536204275353648 -0.00014645388568220192
-211.44345365884112197818 -3.38002108281874313889 3.11150726955188128287
-0.97567325368784951767 -0.21919415447509163486 0.00395280686534685895
-0.13950632182801328551 0.60685755007205766098 -0.78247166088655162319
0.16911442341853594185 -0.76398811284239864783 -0.62267365066086299841
DJI_0172.JPG 4864 3648
3658.99657499093291335157 0 2425.94356205599024178809
0 3658.99657499093291335157 1832.42025107836002462136
0 0 1
0.00653043799659346492 -0.02628228007466830093 0.02495343181698931115
0.00040536204275353648 -0.00014645388568220192
-221.00255476210497818101 -7.14269323508627707042 3.51666582378145964327
-0.97356158789544844367 -0.22839474387931096855 0.00369804580784069935
-0.14521608402782393288 0.60634299360402355017 -0.78183147995391888418
0.17632391645524703172 -0.76169811282135591046 -0.62347883798110426135
DJI_0173.JPG 4864 3648
3658.99657499093291335157 0 2425.94356205599024178809
0 3658.99657499093291335157 1832.42025107836002462136
0 0 1
0.00653043799659346492 -0.02628228007466830093 0.02495343181698931115
0.00040536204275353648 -0.00014645388568220192
-227.43976754249197824720 -10.40124227305279625000 3.59163642163025365051
-0.97377778719579488609 -0.22746437733928429048 0.00409612081277704616
-0.14478146114914952625 0.60572207154147994501 -0.78239318795284484853
0.17548546854819196961 -0.76247014963810211263 -0.62277132339187846188
DJI_0174.JPG 4864 3648
3658.99657499093291335157 0 2425.94356205599024178809
0 3658.99657499093291335157 1832.42025107836002462136
0 0 1
0.00653043799659346492 -0.02628228007466830093 0.02495343181698931115
0.00040536204275353648 -0.00014645388568220192
-234.69405334073175595222 -14.72059379521983757400 3.37982116038813718006
-0.99484923670845137877 0.10135877377973143143 0.00118118520184545242
0.06220900762220609587 0.61970659713228781751 -0.78236422006721439981
-0.08003146625716746343 -0.77826096680264622574 -0.62282006387088906241
DJI_0175.JPG 4864 3648
3658.99657499093291335157 0 2425.94356205599024178809
0 3658.99657499093291335157 1832.42025107836002462136
0 0 1
0.00653043799659346492 -0.02628228007466830093 0.02495343181698931115
0.00040536204275353648 -0.00014645388568220192
-250.31019292685414256994 -28.20444636814861283369 5.56065514842336572343
-0.93870537241949947305 0.34472048767010882164 0.00009576664940998086
0.21493610505021337742 0.58550779587662582504 -0.78165407420005117434
-0.26950824576738358074 -0.73372229511456021900 -0.62371219253371168456
DJI_0176.JPG 4864 3648
3658.99657499093291335157 0 2425.94356205599024178809
0 3658.99657499093291335157 1832.42025107836002462136
0 0 1
0.00653043799659346492 -0.02628228007466830093 0.02495343181698931115
0.00040536204275353648 -0.00014645388568220192
-256.93893269148935587509 -36.65407623787070434673 5.68006835167193990799
-0.97002250250916577379 0.24301504181290062290 -0.00018460370980541945
0.15159524474624042067 0.60451579838789260002 -0.78203550512094799352
-0.18993479511712163532 -0.75862002277301054942 -0.62323385229919436856
DJI_0177.JPG 4864 3648
3658.99657499093291335157 0 2425.94356205599024178809
0 3658.99657499093291335157 1832.42025107836002462136
0 0 1
0.00653043799659346492 -0.02628228007466830093 0.02495343181698931115
0.00040536204275353648 -0.00014645388568220192
-261.50588821047949750209 -43.51089589363492393659 5.96608800799691163519
-0.98708797710459394992 0.16017287375858677012 0.00140569110279851941
0.09874109755151828927 0.61536913604863052729 -0.78203006467340085983
-0.12612502174383247167 -0.77179367509113327994 -0.62323912102774792210
DJI_0178.JPG 4864 3648
3658.99657499093291335157 0 2425.94356205599024178809
0 3658.99657499093291335157 1832.42025107836002462136
0 0 1
0.00653043799659346492 -0.02628228007466830093 0.02495343181698931115
0.00040536204275353648 -0.00014645388568220192
-267.36947921496459912305 -54.52175328278200794330 6.49216919171505146835
-0.99900215488050747581 0.04464828326617999166 0.00110695324459734817
0.02693430997508729219 0.62205385778834709765 -0.78251104845669816612
-0.03562635948660326096 -0.78170040860422862483 -0.62263571508363824147
DJI_0179.JPG 4864 3648
3658.99657499093291335157 0 2425.94356205599024178809
0 3658.99657499093291335157 1832.42025107836002462136
0 0 1
0.00653043799659346492 -0.02628228007466830093 0.02495343181698931115
0.00040536204275353648 -0.00014645388568220192
-273.00102304498193461768 -69.34467445243818417566 6.73540205481885667638
-0.07621005857968750352 0.99707846892296569941 -0.00515303614532970199
0.62971106471244331360 0.04412265488337018676 -0.77557537757768202358
-0.77308214437406430619 -0.06235156883573567121 -0.63123393438068653438
DJI_0180.JPG 4864 3648
3658.99657499093291335157 0 2425.94356205599024178809
0 3658.99657499093291335157 1832.42025107836002462136
0 0 1
0.00653043799659346492 -0.02628228007466830093 0.02495343181698931115
0.00040536204275353648 -0.00014645388568220192
-275.55350003242153889005 -85.66645186028468117456 5.94153702648219361748
0.09177274833631132722 0.99575291895733264447 -0.00734077998252233212
0.63067913996851632241 -0.06382770443147488260 -0.77341440803464545084
-0.77059819949917662818 0.06634868902216542463 -0.63385823840482447000
DJI_0181.JPG 4864 3648
3658.99657499093291335157 0 2425.94356205599024178809
0 3658.99657499093291335157 1832.42025107836002462136
0 0 1
0.00653043799659346492 -0.02628228007466830093 0.02495343181698931115
0.00040536204275353648 -0.00014645388568220192
-275.83420527341587558112 -101.63584894600020902544 5.43193058930215588731
0.14148721761672997110 0.98988409011607725319 -0.01052878844605778172
0.62980915918010016430 -0.09821608455114125280 -0.77051542732660349699
-0.76375505907583440823 0.10238695654481001773 -0.63733438701011568828
DJI_0182.JPG 4864 3648
3658.99657499093291335157 0 2425.94356205599024178809
0 3658.99657499093291335157 1832.42025107836002462136
0 0 1
0.00653043799659346492 -0.02628228007466830093 0.02495343181698931115
0.00040536204275353648 -0.00014645388568220192
-270.33582329367703778189 -125.04053717172455151285 5.88685029562924277968
-0.00973207982880182690 -0.99966196922195371677 -0.02410879328152782525
-0.64039748750284597456 0.02474775583229348389 -0.76764484404007260476
0.76798199498572106148 0.00796842974184979770 -0.64042186057723016201
DJI_0183.JPG 4864 3648
3658.99657499093291335157 0 2425.94356205599024178809
0 3658.99657499093291335157 1832.42025107836002462136
0 0 1
0.00653043799659346492 -0.02628228007466830093 0.02495343181698931115
0.00040536204275353648 -0.00014645388568220192
-264.49581907419417348137 -137.71152666749614468245 4.99558610189968543835
0.24770350415867020688 -0.96843539954325641439 -0.02785410093700306511
-0.62323425892264183723 -0.13726532025993856689 -0.76989433713924793068
0.74176952790786776504 0.20806515509673792486 -0.63756321937664284238
DJI_0184.JPG 4864 3648
3658.99657499093291335157 0 2425.94356205599024178809
0 3658.99657499093291335157 1832.42025107836002462136
0 0 1
0.00653043799659346492 -0.02628228007466830093 0.02495343181698931115
0.00040536204275353648 -0.00014645388568220192
-257.49803433605393365724 -149.16743342146224904354 4.17631091530697684533
0.40641170354280664601 -0.91322250136580118696 -0.02922653285326722722
-0.59080923188773648569 -0.23825861516171784049 -0.77082895886016333797
0.69697487669187674353 0.33054121573626749075 -0.63637137424615020098
DJI_0185.JPG 4864 3648
3658.99657499093291335157 0 2425.94356205599024178809
0 3658.99657499093291335157 1832.42025107836002462136
0 0 1
0.00653043799659346492 -0.02628228007466830093 0.02495343181698931115
0.00040536204275353648 -0.00014645388568220192
-251.02361695360076510042 -157.72166664777932965080 3.66229063813077759804
0.50778760362972164000 -0.86099875498163402909 -0.02885989466475780835
-0.43326290105518933116 -0.22628161536949209509 -0.87239892773605265397
0.74460392704391908936 0.45549728261082900183 -0.48794181760218569011
DJI_0186.JPG 4864 3648
3658.99657499093291335157 0 2425.94356205599024178809
0 3658.99657499093291335157 1832.42025107836002462136
0 0 1
0.00653043799659346492 -0.02628228007466830093 0.02495343181698931115
0.00040536204275353648 -0.00014645388568220192
-239.24997919699237058921 -169.64976695839067133420 2.65867424585807610171
0.63768959107008926779 -0.76985831705386997825 -0.02588739275874263682
-0.38920567429136621040 -0.29302129285150435578 -0.87330261939091635703
0.66473372754830584164 0.56697151039414317442 -0.48648985381107257009
DJI_0187.JPG 4864 3648
3658.99657499093291335157 0 2425.94356205599024178809
0 3658.99657499093291335157 1832.42025107836002462136
0 0 1
0.00653043799659346492 -0.02628228007466830093 0.02495343181698931115
0.00040536204275353648 -0.00014645388568220192
-229.67960385701204018005 -176.24291859039908558771 2.44143448817171382359
0.72841188506337894992 -0.68469570768771670366 -0.02465590339921388749
-0.34729645964807409619 -0.33797129901786010509 -0.87473457125924425348
0.59059401860696858488 0.64572996594102449741 -0.48397470623109511978
DJI_0188.JPG 4864 3648
3658.99657499093291335157 0 2425.94356205599024178809
0 3658.99657499093291335157 1832.42025107836002462136
0 0 1
0.00653043799659346492 -0.02628228007466830093 0.02495343181698931115
0.00040536204275353648 -0.00014645388568220192
-210.07293110372378919237 -185.15790052102434515291 -1.19524339241381238885
0.87772097778638558108 -0.47871433157455139940 -0.02093976835692681893
-0.24541447335955954290 -0.41157393726181140670 -0.87771215693555282300
0.41155512561425033891 0.77552529482405729855 -0.47873050421787166631
DJI_0189.JPG 4864 3648
3658.99657499093291335157 0 2425.94356205599024178809
0 3658.99657499093291335157 1832.42025107836002462136
0 0 1
0.00653043799659346492 -0.02628228007466830093 0.02495343181698931115
0.00040536204275353648 -0.00014645388568220192
-197.39782806374674350991 -187.93907719110819698471 -2.06274189462248669358
0.91839520416056708019 -0.39516706546588881155 -0.01983026338574823966
-0.20520612579617708571 -0.43286367306028050717 -0.87779239372444206602
0.33829084366945805229 0.81022961616805910801 -0.47863062394038863312
DJI_0190.JPG 4864 3648
3658.99657499093291335157 0 2425.94356205599024178809
0 3658.99657499093291335157 1832.42025107836002462136
0 0 1
0.00653043799659346492 -0.02628228007466830093 0.02495343181698931115
0.00040536204275353648 -0.00014645388568220192
-183.53497962456162895251 -189.38233103295374348818 -2.34830492116370148636
0.92979949630636482549 -0.36759684248066104573 -0.01858650227122997378
-0.19147412969788468740 -0.43995290703729672543 -0.87737055868422519911
0.31434146135193180571 0.81933753788513796756 -0.47945327685547439733
DJI_0191.JPG 4864 3648
3658.99657499093291335157 0 2425.94356205599024178809
0 3658.99657499093291335157 1832.42025107836002462136
0 0 1
0.00653043799659346492 -0.02628228007466830093 0.02495343181698931115
0.00040536204275353648 -0.00014645388568220192
-174.18783031846569997469 -189.92916319107146705392 -1.91928559275874932588
0.95488416344104676270 -0.29644734736352856830 -0.01775400379125032305
-0.16476456137998085616 -0.47908742377951257785 -0.86216464766862965785
0.24708070285385466680 0.82619259898490815530 -0.50631701103143678111
DJI_0192.JPG 4864 3648
3658.99657499093291335157 0 2425.94356205599024178809
0 3658.99657499093291335157 1832.42025107836002462136
0 0 1
0.00653043799659346492 -0.02628228007466830093 0.02495343181698931115
0.00040536204275353648 -0.00014645388568220192
-163.19783451512384431226 -188.80435065298908625664 -1.54793616750679730032
0.98235713820478265390 -0.18622491085757561513 -0.01716786516133181686
-0.12314337788376025773 -0.57503170826882910038 -0.80881038752528988667
0.14074857548652874861 0.79665476654666433909 -0.58781886788107839958
DJI_0193.JPG 4864 3648
3658.99657499093291335157 0 2425.94356205599024178809
0 3658.99657499093291335157 1832.42025107836002462136
0 0 1
0.00653043799659346492 -0.02628228007466830093 0.02495343181698931115
0.00040536204275353648 -0.00014645388568220192
-151.99831660590945148215 -186.08763805079007624954 -1.17737616232769970459
0.96089637362604063409 -0.27634235879896662524 -0.01769349840330385060
-0.17641115119593273053 -0.56165994080350811757 -0.80834226453299196091
0.21344147883213862582 0.77985448106042387639 -0.58844687396903283538
DJI_0194.JPG 4864 3648
3658.99657499093291335157 0 2425.94356205599024178809
0 3658.99657499093291335157 1832.42025107836002462136
0 0 1
0.00653043799659346492 -0.02628228007466830093 0.02495343181698931115
0.00040536204275353648 -0.00014645388568220192
-138.45282948324415883690 -181.92121461750392086287 -1.19279954187975478774
0.98525189366778243016 -0.17027273645228588328 -0.01690861452335021969
-0.11335085958245763593 -0.57545427264401383116 -0.80994071556359414910
0.12818068753118319614 0.79991222975824005648 -0.58626797288205478864
DJI_0195.JPG 4864 3648
3658.99657499093291335157 0 2425.94356205599024178809
0 3658.99657499093291335157 1832.42025107836002462136
0 0 1
0.00653043799659346492 -0.02628228007466830093 0.02495343181698931115
0.00040536204275353648 -0.00014645388568220192
-127.50335490202537869209 -175.82200553568932832604 -1.24096482891955162131
0.98315268338755468225 -0.18203796119874882109 -0.01652216179722056782
-0.12003344508113153455 -0.57481201323338237952 -0.80943382774908834154
0.13785054664311521821 0.79778025177688405289 -0.58697861687203367609
DJI_0196.JPG 4864 3648
3658.99657499093291335157 0 2425.94356205599024178809
0 3658.99657499093291335157 1832.42025107836002462136
0 0 1
0.00653043799659346492 -0.02628228007466830093 0.02495343181698931115
0.00040536204275353648 -0.00014645388568220192
-117.68481336174347973156 -169.06278335989352967772 -0.98508244425840285619
0.99665313260576604559 -0.08033670237366297151 -0.01511778815960484502
-0.05926383187481819997 -0.58269946900380309440 -0.81052398302221695392
0.05630569685765797472 0.80870720478700519607 -0.58551031197320690946
DJI_0197.JPG 4864 3648
3658.99657499093291335157 0 2425.94356205599024178809
0 3658.99657499093291335157 1832.42025107836002462136
0 0 1
0.00653043799659346492 -0.02628228007466830093 0.02495343181698931115
0.00040536204275353648 -0.00014645388568220192
-112.55893138327942892829 -164.05188896713374901992 -0.92748976263644189455
0.95549976610281583955 0.29473695878887212762 -0.01226059139482932325
0.22911936006209260297 -0.76767187610722043001 -0.59848492836391253835
-0.18580773886520826621 0.56904307021341293815 -0.80104024144851260214
DJI_0198.JPG 4864 3648
3658.99657499093291335157 0 2425.94356205599024178809
0 3658.99657499093291335157 1832.42025107836002462136
0 0 1
0.00653043799659346492 -0.02628228007466830093 0.02495343181698931115
0.00040536204275353648 -0.00014645388568220192
-101.13151083947823849485 -151.07518282008305732234 -11.53397041728230298929
0.89685533010189510961 0.44223972736968492070 -0.00863367846329517359
0.34909618093962313523 -0.71967840003641914137 -0.60016235884499591346
-0.27162910985605120961 0.53524482627766389875 -0.79983160891640359136
DJI_0199.JPG 4864 3648
3658.99657499093291335157 0 2425.94356205599024178809
0 3658.99657499093291335157 1832.42025107836002462136
0 0 1
0.00653043799659346492 -0.02628228007466830093 0.02495343181698931115
0.00040536204275353648 -0.00014645388568220192
-94.58458257373837341220 -142.02203406597953971868 -11.56476424189220253425
0.97255353487363915832 0.23242088239247118975 -0.01096153423085510260
0.14291751265159474693 -0.63387991863358250644 -0.76011238204002706809
-0.18361428697753989780 0.73768338884713124948 -0.64969916995232623869
DJI_0200.JPG 4864 3648
3658.99657499093291335157 0 2425.94356205599024178809
0 3658.99657499093291335157 1832.42025107836002462136
0 0 1
0.00653043799659346492 -0.02628228007466830093 0.02495343181698931115
0.00040536204275353648 -0.00014645388568220192
-90.47453527432500663963 -132.70547158551593724951 -11.38815799768316772145
0.71628522362882740548 -0.69760330852632812526 -0.01688497391532516739
-0.47254473095656673864 -0.46711086379861810336 -0.74733454233461915628
0.51345589455783491317 0.54328359523772606909 -0.66423337727743259062
DJI_0201.JPG 4864 3648
3658.99657499093291335157 0 2425.94356205599024178809
0 3658.99657499093291335157 1832.42025107836002462136
0 0 1
0.00653043799659346492 -0.02628228007466830093 0.02495343181698931115
0.00040536204275353648 -0.00014645388568220192
-85.33197205037117782922 -120.74612514549001218711 -12.08806921439789938688
0.75995002183395865547 -0.64970106008084238525 -0.01909180044928854986
-0.44168661032304945557 -0.49464236502253727812 -0.74849306542295079847
0.47685312474167595997 0.57724991403614844820 -0.66286773504927731793
DJI_0202.JPG 4864 3648
3658.99657499093291335157 0 2425.94356205599024178809
0 3658.99657499093291335157 1832.42025107836002462136
0 0 1
0.00653043799659346492 -0.02628228007466830093 0.02495343181698931115
0.00040536204275353648 -0.00014645388568220192
-82.72634961237424988667 -109.80515765042942177843 -12.58525829687785702049
0.82894567381128902994 -0.55895550244019753805 -0.02044055188526777700
-0.38270656835432015352 -0.54015482645674017803 -0.74951213865683918858
0.40790287129169372493 0.62912757827591314630 -0.66167494878125521218
DJI_0203.JPG 4864 3648
3658.99657499093291335157 0 2425.94356205599024178809
0 3658.99657499093291335157 1832.42025107836002462136
0 0 1
0.00653043799659346492 -0.02628228007466830093 0.02495343181698931115
0.00040536204275353648 -0.00014645388568220192
-81.56865061477036249471 -99.12593223828530142328 -12.78409466633031144056
0.59668576170464759922 -0.80225427654137371203 -0.01881960546934254019
-0.43886224145682589670 -0.30659512820377904374 -0.84462971791501573193
0.67183780393963776767 0.51223774083211159880 -0.53502005762847748560
DJI_0204.JPG 4864 3648
3658.99657499093291335157 0 2425.94356205599024178809
0 3658.99657499093291335157 1832.42025107836002462136
0 0 1
0.00653043799659346492 -0.02628228007466830093 0.02495343181698931115
0.00040536204275353648 -0.00014645388568220192
-78.29643461131769299755 -63.53084342891276037335 -7.77251906894400779180
0.40252686155711042693 -0.91491920436793627847 0.02991613617640736036
-0.46432063524131050869 -0.23222840069006778219 -0.85467907287006816830
0.78890967379928145231 0.33014060548753437763 -0.51829403546079466647
DJI_0205.JPG 4864 3648
3658.99657499093291335157 0 2425.94356205599024178809
0 3658.99657499093291335157 1832.42025107836002462136
0 0 1
0.00653043799659346492 -0.02628228007466830093 0.02495343181698931115
0.00040536204275353648 -0.00014645388568220192
-67.79492211557207781425 -51.00135122144880028827 -7.79162021600099663488
0.16718679779970480048 -0.98559693099982881304 0.02544138842907813641
-0.50168436305478736337 -0.10725811264851664584 -0.85837549891489228759
0.84874105268202548746 0.13074550422403333205 -0.51239070894914784393
DJI_0206.JPG 4864 3648
3658.99657499093291335157 0 2425.94356205599024178809
0 3658.99657499093291335157 1832.42025107836002462136
0 0 1
0.00653043799659346492 -0.02628228007466830093 0.02495343181698931115
0.00040536204275353648 -0.00014645388568220192
-49.79958875747580293591 -50.25896833166795119041 -7.63760789476306989343
0.11037773152358583417 -0.99363757159253607298 0.02238599346455100864
-0.50649395662994523004 -0.07561455944783686267 -0.85892159729328765305
0.85514947715650879712 0.08346744706289549454 -0.51161758863408157705
DJI_0207.JPG 4864 3648
3658.99657499093291335157 0 2425.94356205599024178809
0 3658.99657499093291335157 1832.42025107836002462136
0 0 1
0.00653043799659346492 -0.02628228007466830093 0.02495343181698931115
0.00040536204275353648 -0.00014645388568220192
-37.64233311062455555884 -49.29536037424666261586 -7.61543281917870462649
0.40138966204305942531 -0.91550654174780432548 0.02709448692879124973
-0.46454454416761464808 -0.22898891054077685769 -0.85543114587525459491
0.78935714710710114250 0.33077462246418481984 -0.51720735053227373523
DJI_0208.JPG 4864 3648
3658.99657499093291335157 0 2425.94356205599024178809
0 3658.99657499093291335157 1832.42025107836002462136
0 0 1
0.00653043799659346492 -0.02628228007466830093 0.02495343181698931115
0.00040536204275353648 -0.00014645388568220192
-16.57086340968209015045 -42.81079678141895783483 -7.08434180742278396536
0.73620034299937331390 -0.67612044700490503413 0.02949908658742823528
-0.33792216179168860224 -0.40501654611864268407 -0.84957060326976785447
0.58635967420827717067 0.61548577441888352446 -0.52664940325642650709
DJI_0209.JPG 4864 3648
3658.99657499093291335157 0 2425.94356205599024178809
0 3658.99657499093291335157 1832.42025107836002462136
0 0 1
0.00653043799659346492 -0.02628228007466830093 0.02495343181698931115
0.00040536204275353648 -0.00014645388568220192
-3.26336804012197179148 -37.12091607810941695789 -6.54681646348894030751
0.25670873599233046125 -0.96619488933367758676 0.02383402380426740200
-0.49345429793268813512 -0.15223036866116002042 -0.85634617457488826364
0.83102555960510493538 0.20807054256374138412 -0.51585188630095413220
DJI_0210.JPG 4864 3648
3658.99657499093291335157 0 2425.94356205599024178809
0 3658.99657499093291335157 1832.42025107836002462136
0 0 1
0.00653043799659346492 -0.02628228007466830093 0.02495343181698931115
0.00040536204275353648 -0.00014645388568220192
10.30716430443020037444 -34.92732162045596311373 -5.50774841415059057681
0.38887286580502700151 -0.92096797468837710010 0.02441073204503276667
-0.46930141488268545258 -0.22082127411387886262 -0.85498195705396773381
0.79280141033533424455 0.32102329276411095682 -0.51808297527827806839
DJI_0211.JPG 4864 3648
3658.99657499093291335157 0 2425.94356205599024178809
0 3658.99657499093291335157 1832.42025107836002462136
0 0 1
0.00653043799659346492 -0.02628228007466830093 0.02495343181698931115
0.00040536204275353648 -0.00014645388568220192
27.37894346153119684573 -33.87652743768217789011 -4.40010479058133352481
0.37778538416428070201 -0.92559724261102160892 0.02340828876104440737
-0.47135077458034901898 -0.21402093148119519239 -0.85558371197120541840
0.79693578838846967916 0.31219350627262432152 -0.51713495707296086579
DJI_0212.JPG 4864 3648
3658.99657499093291335157 0 2425.94356205599024178809
0 3658.99657499093291335157 1832.42025107836002462136
0 0 1
0.00653043799659346492 -0.02628228007466830093 0.02495343181698931115
0.00040536204275353648 -0.00014645388568220192
49.33024878448668459896 -23.30306849535266167095 -4.23939066661179442264
0.65378372218829206020 -0.75629835956617952331 0.02407562915331544137
-0.38282861304680532166 -0.35804683581508994772 -0.85161300858750477172
0.65269372421855076372 0.54755388290131579154 -0.52361784507922437548
DJI_0213.JPG 4864 3648
3658.99657499093291335157 0 2425.94356205599024178809
0 3658.99657499093291335157 1832.42025107836002462136
0 0 1
0.00653043799659346492 -0.02628228007466830093 0.02495343181698931115
0.00040536204275353648 -0.00014645388568220192
48.69924645064173063247 -22.36087827354301893479 -4.66620034237012504263
-0.24136893841224973944 -0.97036340264482812135 0.01165771749935486795
-0.35302260027401838327 0.07660859999581978719 -0.93247314497654620880
0.90394473241759321080 -0.22918549084580303044 -0.36105114806666116500
DJI_0214.JPG 4864 3648
3658.99657499093291335157 0 2425.94356205599024178809
0 3658.99657499093291335157 1832.42025107836002462136
0 0 1
0.00653043799659346492 -0.02628228007466830093 0.02495343181698931115
0.00040536204275353648 -0.00014645388568220192
48.93888267725804297470 -22.15994825734781059623 -4.86401962568083501282
0.61831974179798454561 -0.78546364150271108517 0.02697340876074317412
-0.21710393612972700428 -0.20368873961511579918 -0.95466055657023185521
0.75534533679625837088 0.58442943563043270316 -0.29647201714300269737
DJI_0216.JPG 4864 3648
3658.99657499093291335157 0 2425.94356205599024178809
0 3658.99657499093291335157 1832.42025107836002462136
0 0 1
0.00653043799659346492 -0.02628228007466830093 0.02495343181698931115
0.00040536204275353648 -0.00014645388568220192
68.96654260851332196580 -10.59253814109295532830 -10.59041316164867296834
-0.37516734267304280293 0.92631469581229097798 0.03450433760892224200
0.49379340474596528088 0.23121658865781449799 -0.83827618513162494018
-0.78448552467272136823 -0.29745583445551337931 -0.54415300066005267698
DJI_0217.JPG 4864 3648
3658.99657499093291335157 0 2425.94356205599024178809
0 3658.99657499093291335157 1832.42025107836002462136
0 0 1
0.00653043799659346492 -0.02628228007466830093 0.02495343181698931115
0.00040536204275353648 -0.00014645388568220192
43.70719593183098794498 -17.77907537018734984713 -9.97137631534224233576
-0.33234230197235103965 0.94257783408731010688 0.03310016626837256754
0.48324705059318168177 0.20031593464097319224 -0.85225924132384989207
-0.80995116051074933505 -0.26724624041544275954 -0.52207141711752602653
DJI_0218.JPG 4864 3648
3658.99657499093291335157 0 2425.94356205599024178809
0 3658.99657499093291335157 1832.42025107836002462136
0 0 1
0.00653043799659346492 -0.02628228007466830093 0.02495343181698931115
0.00040536204275353648 -0.00014645388568220192
23.72476365682463850248 -24.17362625894616456890 -10.18663250175942280862
-0.39344935206293596419 0.91877563424195662911 0.03238736303785969689
0.47319384801444430710 0.23258926563031195878 -0.84969983859880482413
-0.78821646110858323286 -0.31898835000175546073 -0.52627107368790337905
DJI_0219.JPG 4864 3648
3658.99657499093291335157 0 2425.94356205599024178809
0 3658.99657499093291335157 1832.42025107836002462136
0 0 1
0.00653043799659346492 -0.02628228007466830093 0.02495343181698931115
0.00040536204275353648 -0.00014645388568220192
6.99827397134990825123 -35.45927091819139320705 -10.01742676513217489287
-0.42157334689526282379 0.90622386336419868957 0.03215933234369861698
0.46847498014143185152 0.24802479668131996449 -0.84794745899299384106
-0.77640653408443915939 -0.34240620569793417394 -0.52910385004319582247
DJI_0220.JPG 4864 3648
3658.99657499093291335157 0 2425.94356205599024178809
0 3658.99657499093291335157 1832.42025107836002462136
0 0 1
0.00653043799659346492 -0.02628228007466830093 0.02495343181698931115
0.00040536204275353648 -0.00014645388568220192
-9.53458440944297613839 -46.50562319536337696491 -9.43544010936636468045
-0.38965147625251683738 0.92039011935980463708 0.03246159637292882899
0.47732513126820769189 0.23197059895509794525 -0.84755552047060689347
-0.78761186260366999878 -0.31475652400745834925 -0.52971302087141458603
DJI_0221.JPG 4864 3648
3658.99657499093291335157 0 2425.94356205599024178809
0 3658.99657499093291335157 1832.42025107836002462136
0 0 1
0.00653043799659346492 -0.02628228007466830093 0.02495343181698931115
0.00040536204275353648 -0.00014645388568220192
-33.40612503765673579892 -47.11135837733959164098 -8.44014932715585430856
-0.42363109757882538853 0.90528346239235690796 0.03159977663000033271
0.47045160133467112118 0.24969282063571784924 -0.84636208925295264294
-0.77408783995474539363 -0.34367913530193455740 -0.53166969820774179212
DJI_0222.JPG 4864 3648
3658.99657499093291335157 0 2425.94356205599024178809
0 3658.99657499093291335157 1832.42025107836002462136
0 0 1
0.00653043799659346492 -0.02628228007466830093 0.02495343181698931115
0.00040536204275353648 -0.00014645388568220192
-44.51888973271370275597 -75.94966407294121779614 -10.34944116238553313281
-0.18750095712155151473 0.98167702980286664083 0.03396469101764032494
0.51289695414302760579 0.12733629500618465213 -0.84895358083048499953
-0.83772316758539455694 -0.14175922238612762016 -0.52737483572803622867
DJI_0223.JPG 4864 3648
3658.99657499093291335157 0 2425.94356205599024178809
0 3658.99657499093291335157 1832.42025107836002462136
0 0 1
0.00653043799659346492 -0.02628228007466830093 0.02495343181698931115
0.00040536204275353648 -0.00014645388568220192
-76.86392904078840615512 -95.00740423385968824732 -10.91015606540906368593
-0.05182754891117240248 0.99811321521237339471 0.03292286124076187342
0.52255734493608219093 0.05519829342381374349 -0.85081547332923534999
-0.85102745339219953991 -0.02689159760068166385 -0.52443218393923030085
DJI_0224.JPG 4864 3648
3658.99657499093291335157 0 2425.94356205599024178809
0 3658.99657499093291335157 1832.42025107836002462136
0 0 1
0.00653043799659346492 -0.02628228007466830093 0.02495343181698931115
0.00040536204275353648 -0.00014645388568220192
-115.63115463306729679971 -116.01877170303983177746 -11.43320958744579485256
0.17224523378892661607 0.98461963916386274764 0.02925312991498021237
0.51397432624843342186 -0.06449918681201588511 -0.85537725411543275023
-0.84033444020489078685 0.16237001285155264196 -0.51717889316185328141
DJI_0225.JPG 4864 3648
3658.99657499093291335157 0 2425.94356205599024178809
0 3658.99657499093291335157 1832.42025107836002462136
0 0 1
0.00653043799659346492 -0.02628228007466830093 0.02495343181698931115
0.00040536204275353648 -0.00014645388568220192
-127.91802199483663571300 -108.83549396266825226576 -10.42140421287124496530
0.16939905297588284117 0.98508272188901679911 0.03026535786340901410
0.51295916499045002279 -0.06190573161278652148 -0.85617788773466108054
-0.84153244494979184687 0.16056061605889476729 -0.51579398277569488140
