imageName, cameraIndex, cameraName, X_opt, Y_opt, Z_opt, X_gps, Y_gps, Z_gps, X_acc, Y_acc, Z_acc, Omega, Phi, Kappa, X_uncertainty, Y_uncertainty, Z_uncertainty, Omega_uncertainty, Phi_uncertainty, Kappa_uncertainty, inlierProb
DJI_0248.JPG, 0, FC6310_8.8_4864x3648 (RGB)(1), 1419720.535961, 9410598.583539, -78.421012, 1419710.029571, 9410597.230720, -74.347113, 16.404199, 16.404199, 32.808399, 11.334617, -66.042788, -76.532999, 0.514086, 0.511149, 0.959156, 0.147476, 0.121009, 0.349569, 0.989163
DJI_0249.JPG, 0, FC6310_8.8_4864x3648 (RGB)(1), 1419739.159678, 9410598.958850, -77.348772, 1419740.729783, 9410598.829518, -75.331365, 16.404199, 16.404199, 32.808399, 11.689264, -66.066978, -76.240616, 0.502565, 0.503668, 0.951898, 0.148757, 0.120664, 0.349737, 0.989811
DJI_0250.JPG, 0, FC6310_8.8_4864x3648 (RGB)(1), 1419761.583855, 9410600.112448, -77.573250, 1419761.187671, 9410599.935814, -74.675197, 16.404199, 16.404199, 32.808399, 19.785663, -64.992421, -67.387787, 0.491541, 0.496387, 0.945347, 0.182429, 0.109488, 0.318372, 0.989783
DJI_0251.JPG, 0, FC6310_8.8_4864x3648 (RGB)(1), 1419788.916641, 9410603.542382, -76.308814, 1419780.421445, 9410602.592649, -75.003281, 16.404199, 16.404199, 32.808399, 22.358802, -64.541176, -64.607998, 0.482453, 0.489579, 0.940350, 0.192075, 0.105392, 0.306529, 0.989495
DJI_0252.JPG, 0, FC6310_8.8_4864x3648 (RGB)(1), 1419823.191766, 9410608.716864, -75.503909, 1419818.140589, 9410607.900086, -74.347113, 16.404199, 16.404199, 32.808399, 21.944961, -64.718116, -65.094745, 0.479253, 0.485921, 0.939441, 0.190911, 0.106103, 0.309889, 0.989723
DJI_0253.JPG, 0, FC6310_8.8_4864x3648 (RGB)(1), 1419856.947521, 9410615.690182, -74.952994, 1419856.816059, 9410616.392096, -74.347113, 16.404199, 16.404199, 32.808399, 21.445950, -64.991659, -65.643999, 0.484835, 0.487351, 0.944133, 0.189850, 0.106948, 0.314644, 0.989853
DJI_0254.JPG, 0, FC6310_8.8_4864x3648 (RGB)(1), 1419890.475691, 9410620.716365, -74.796233, 1419891.213784, 9410621.817549, -74.675197, 16.404199, 16.404199, 32.808399, 32.538841, -62.205207, -53.325020, 0.499839, 0.495591, 0.955234, 0.221460, 0.088976, 0.253386, 0.989849
DJI_0255.JPG, 0, FC6310_8.8_4864x3648 (RGB)(1), 1419915.507240, 9410627.940581, -74.262762, 1419911.910848, 9410626.859025, -75.003281, 16.404199, 16.404199, 32.808399, 35.590453, -51.207997, -46.558562, 0.515520, 0.503925, 0.966366, 0.187211, 0.084261, 0.172587, 0.989787
DJI_0256.JPG, 0, FC6310_8.8_4864x3648 (RGB)(1), 1419934.993664, 9410641.235685, -73.419530, 1419936.934981, 9410642.819335, -74.675197, 16.404199, 16.404199, 32.808399, 41.586319, -47.116716, -38.560233, 0.529216, 0.510254, 0.975473, 0.182703, 0.081783, 0.149508, 0.989813
DJI_0257.JPG, 0, FC6310_8.8_4864x3648 (RGB)(1), 1419948.864288, 9410653.381424, -72.818751, 1419949.117890, 9410653.354752, -74.675197, 16.404199, 16.404199, 32.808399, 46.511990, -42.215284, -31.424141, 0.540549, 0.516080, 0.982882, 0.171153, 0.084207, 0.134580, 0.989828
DJI_0258.JPG, 0, FC6310_8.8_4864x3648 (RGB)(1), 1419961.381287, 9410664.748191, -72.697446, 1419960.596737, 9410663.631356, -74.347113, 16.404199, 16.404199, 32.808399, 50.023031, -37.360565, -25.842140, 0.552238, 0.522917, 0.990630, 0.158164, 0.088237, 0.127578, 0.989825
DJI_0259.JPG, 0, FC6310_8.8_4864x3648 (RGB)(1), 1419972.167491, 9410676.898779, -73.616145, 1419973.786812, 9410678.370470, -74.675197, 16.404199, 16.404199, 32.808399, 51.812257, -34.302206, -22.620178, 0.563354, 0.529978, 0.997927, 0.149980, 0.090932, 0.125397, 0.989825
DJI_0260.JPG, 0, FC6310_8.8_4864x3648 (RGB)(1), 1419986.156789, 9410693.560426, -73.475929, 1419985.467708, 9410692.461262, -75.003281, 16.404199, 16.404199, 32.808399, 52.111652, -33.831426, -22.008368, 0.579655, 0.541500, 1.008807, 0.148642, 0.091413, 0.125160, 0.989829
DJI_0261.JPG, 0, FC6310_8.8_4864x3648 (RGB)(1), 1420004.405297, 9410715.330725, -73.397595, 1420002.299360, 9410712.581577, -74.675197, 16.404199, 16.404199, 32.808399, 52.961875, -34.098689, -21.399795, 0.603847, 0.560361, 1.025468, 0.149054, 0.091287, 0.125394, 0.989783
DJI_0262.JPG, 0, FC6310_8.8_4864x3648 (RGB)(1), 1420020.210544, 9410733.731360, -73.250595, 1420017.773250, 9410731.326088, -74.675197, 16.404199, 16.404199, 32.808399, 53.420872, -33.260643, -20.473524, 0.627120, 0.579736, 1.042020, 0.146752, 0.092034, 0.125061, 0.989782
DJI_0263.JPG, 0, FC6310_8.8_4864x3648 (RGB)(1), 1420036.166848, 9410750.525506, -72.919929, 1420032.658230, 9410747.348466, -74.675197, 16.404199, 16.404199, 32.808399, 55.044035, -29.314270, -17.088424, 0.652098, 0.601091, 1.060352, 0.137199, 0.094870, 0.124125, 0.989719
DJI_0264.JPG, 0, FC6310_8.8_4864x3648 (RGB)(1), 1420046.569341, 9410766.925032, -72.936375, 1420045.252319, 9410761.555715, -74.675197, 16.404199, 16.404199, 32.808399, 55.643633, -27.644361, -15.739870, 0.670939, 0.618996, 1.074191, 0.133521, 0.095923, 0.123951, 0.989668
DJI_0265.JPG, 0, FC6310_8.8_4864x3648 (RGB)(1), 1420050.909418, 9410794.295706, -73.302017, 1420050.532133, 9410791.010815, -75.003281, 16.404199, 16.404199, 32.808399, 55.699571, -27.512078, -15.529824, 0.686852, 0.640084, 1.085462, 0.133133, 0.096052, 0.123930, 0.989774
DJI_0266.JPG, 0, FC6310_8.8_4864x3648 (RGB)(1), 1420053.772103, 9410824.293548, -73.062676, 1420055.146904, 9410818.914973, -75.003281, 16.404199, 16.404199, 32.808399, 55.467656, -27.203302, -15.231525, 0.704501, 0.665872, 1.098615, 0.132288, 0.096468, 0.123771, 0.989660
DJI_0267.JPG, 0, FC6310_8.8_4864x3648 (RGB)(1), 1420066.004231, 9410855.293713, -72.827154, 1420058.264590, 9410843.183164, -75.003281, 16.404199, 16.404199, 32.808399, 55.249676, -28.230106, -15.975903, 0.737818, 0.704971, 1.125005, 0.134463, 0.095808, 0.123911, 0.988690
DJI_0268.JPG, 0, FC6310_8.8_4864x3648 (RGB)(1), 1420095.027537, 9410900.007398, -72.944670, 1420093.420787, 9410900.544313, -75.003281, 16.404199, 16.404199, 32.808399, 56.036120, -25.986146, -14.359258, 0.805373, 0.777329, 1.180658, 0.129974, 0.097031, 0.123792, 0.989807
DJI_0269.JPG, 0, FC6310_8.8_4864x3648 (RGB)(1), 1420113.607628, 9410931.254347, -73.379988, 1420110.721737, 9410928.575308, -75.331365, 16.404199, 16.404199, 32.808399, 58.893776, -9.694358, -3.825810, 0.852839, 0.829730, 1.221152, 0.111026, 0.101965, 0.122550, 0.989747
DJI_0270.JPG, 0, FC6310_8.8_4864x3648 (RGB)(1), 1420116.043720, 9410956.729568, -73.551192, 1420114.134573, 9410958.807052, -75.331365, 16.404199, 16.404199, 32.808399, 58.978435, 2.913977, 3.618706, 0.875378, 0.862982, 1.241388, 0.114288, 0.101018, 0.118852, 0.989790
DJI_0271.JPG, 0, FC6310_8.8_4864x3648 (RGB)(1), 1420110.856791, 9410984.985761, -73.851020, 1420108.760786, 9410985.864053, -75.331365, 16.404199, 16.404199, 32.808399, 57.866622, 13.169571, 9.785303, 0.891415, 0.895292, 1.257011, 0.126222, 0.097559, 0.114758, 0.989814
DJI_0272.JPG, 0, FC6310_8.8_4864x3648 (RGB)(1), 1420100.054971, 9411012.630595, -73.499232, 1420098.707751, 9411011.632897, -75.331365, 16.404199, 16.404199, 32.808399, 49.508107, 36.175796, 27.580355, 0.901846, 0.924839, 1.268712, 0.167907, 0.085157, 0.121937, 0.989815
DJI_0273.JPG, 0, FC6310_8.8_4864x3648 (RGB)(1), 1420091.286690, 9411023.565123, -73.722765, 1420089.415396, 9411023.761984, -74.675197, 16.404199, 16.404199, 32.808399, 32.394915, 51.550858, 51.072325, 0.901188, 0.933923, 1.269698, 0.174441, 0.097549, 0.193303, 0.989834
DJI_0274.JPG, 0, FC6310_8.8_4864x3648 (RGB)(1), 1420089.244175, 9411024.842630, -73.416754, 1420087.287393, 9411025.236387, -74.675197, 16.404199, 16.404199, 32.808399, 0.795115, 58.478317, 88.461526, 0.899942, 0.934289, 1.268868, 0.110663, 0.129637, 0.270253, 0.989826
DJI_0275.JPG, 0, FC6310_8.8_4864x3648 (RGB)(1), 1420089.770317, 9411024.058923, -73.207940, 1420087.657220, 9411024.386667, -74.347113, 16.404199, 16.404199, 32.808399, -35.148990, 50.825556, 130.892141, 0.899844, 0.933528, 1.268666, 0.181464, 0.085984, 0.171066, 0.989826
DJI_0276.JPG, 0, FC6310_8.8_4864x3648 (RGB)(1), 1420102.992112, 9411038.864666, -72.716484, 1420101.716598, 9411039.605841, -74.019029, 16.404199, 16.404199, 32.808399, -50.510261, 37.097780, 152.060890, 0.929893, 0.964882, 1.295427, 0.157287, 0.087488, 0.126756, 0.989833
DJI_0277.JPG, 0, FC6310_8.8_4864x3648 (RGB)(1), 1420115.647271, 9411051.662433, -72.714249, 1420112.646162, 9411051.358897, -74.019029, 16.404199, 16.404199, 32.808399, -48.595089, 22.321281, 159.734295, 0.957682, 0.993177, 1.320305, 0.126800, 0.100316, 0.119164, 0.989801
DJI_0278.JPG, 0, FC6310_8.8_4864x3648 (RGB)(1), 1420112.111717, 9411043.786981, -73.381130, 1420112.071495, 9411047.849417, -74.347113, 16.404199, 16.404199, 32.808399, -54.634167, 23.119687, 162.789402, 0.945784, 0.978907, 1.309257, 0.126720, 0.097851, 0.122326, 0.989761
DJI_0279.JPG, 0, FC6310_8.8_4864x3648 (RGB)(1), 1420101.761183, 9411026.501168, -73.845345, 1420099.876965, 9411026.100510, -74.675197, 16.404199, 16.404199, 32.808399, -54.721521, 22.857049, 162.919888, 0.916720, 0.945934, 1.282798, 0.126231, 0.097978, 0.122298, 0.989835
DJI_0280.JPG, 0, FC6310_8.8_4864x3648 (RGB)(1), 1420094.347643, 9411013.776207, -73.877636, 1420093.927185, 9411015.512958, -74.675197, 16.404199, 16.404199, 32.808399, -59.270249, 24.136870, 164.726870, 0.895826, 0.922092, 1.263934, 0.127582, 0.095749, 0.124463, 0.989836
DJI_0281.JPG, 0, FC6310_8.8_4864x3648 (RGB)(1), 1420088.955752, 9411005.551516, -74.114759, 1420090.301380, 9411007.860714, -74.675197, 16.404199, 16.404199, 32.808399, -57.897513, 28.300473, 161.925313, 0.881687, 0.906354, 1.251325, 0.135831, 0.093647, 0.124405, 0.989819
DJI_0282.JPG, 0, FC6310_8.8_4864x3648 (RGB)(1), 1420076.027264, 9410997.568854, -74.917544, 1420076.463398, 9410998.454074, -74.347113, 16.404199, 16.404199, 32.808399, -61.121324, 16.907351, 169.422347, 0.858755, 0.885465, 1.231740, 0.116868, 0.098274, 0.124751, 0.989851
DJI_0283.JPG, 0, FC6310_8.8_4864x3648 (RGB)(1), 1420062.831218, 9410979.238758, -74.845813, 1420063.645277, 9410981.472343, -74.675197, 16.404199, 16.404199, 32.808399, -61.427403, 15.336715, 170.223461, 0.826535, 0.850238, 1.203650, 0.115138, 0.098642, 0.124722, 0.989828
DJI_0284.JPG, 0, FC6310_8.8_4864x3648 (RGB)(1), 1420052.129375, 9410951.308989, -74.145474, 1420052.779203, 9410951.823792, -75.003281, 16.404199, 16.404199, 32.808399, -61.380021, 15.497135, 170.047684, 0.789612, 0.804668, 1.171258, 0.115282, 0.098611, 0.124700, 0.989849
DJI_0285.JPG, 0, FC6310_8.8_4864x3648 (RGB)(1), 1420042.680801, 9410929.265203, -73.904677, 1420047.442874, 9410938.063852, -75.003281, 16.404199, 16.404199, 32.808399, -61.312520, 16.023806, 169.745160, 0.760226, 0.769189, 1.146102, 0.115828, 0.098470, 0.124715, 0.989314
DJI_0286.JPG, 0, FC6310_8.8_4864x3648 (RGB)(1), 1420038.389405, 9410918.497784, -73.770540, 1420040.713724, 9410921.424398, -75.003281, 16.404199, 16.404199, 32.808399, -61.232120, 16.244262, 169.609437, 0.746590, 0.752542, 1.134571, 0.116071, 0.098435, 0.124699, 0.989774
DJI_0287.JPG, 0, FC6310_8.8_4864x3648 (RGB)(1), 1420033.933518, 9410907.756959, -73.450847, 1420036.838325, 9410911.371263, -75.003281, 16.404199, 16.404199, 32.808399, -61.210599, 16.254426, 169.567019, 0.733025, 0.736130, 1.123224, 0.116076, 0.098442, 0.124687, 0.989727
DJI_0288.JPG, 0, FC6310_8.8_4864x3648 (RGB)(1), 1420024.988475, 9410891.281727, -74.201605, 1420027.257883, 9410892.192841, -74.347113, 16.404199, 16.404199, 32.808399, -61.217986, 16.373318, 169.480615, 0.710216, 0.710015, 1.104547, 0.116198, 0.098396, 0.124693, 0.989830
DJI_0289.JPG, 0, FC6310_8.8_4864x3648 (RGB)(1), 1420018.748451, 9410882.339774, -74.945851, 1420021.574761, 9410883.784057, -74.347113, 16.404199, 16.404199, 32.808399, -61.212121, 16.423148, 169.509394, 0.696523, 0.695175, 1.093551, 0.116268, 0.098382, 0.124709, 0.989807
DJI_0290.JPG, 0, FC6310_8.8_4864x3648 (RGB)(1), 1420008.752333, 9410867.888125, -76.547123, 1420010.008822, 9410867.179469, -74.019029, 16.404199, 16.404199, 32.808399, -61.241594, 16.453064, 169.500010, 0.675017, 0.671870, 1.076483, 0.116298, 0.098358, 0.124727, 0.989791
DJI_0291.JPG, 0, FC6310_8.8_4864x3648 (RGB)(1), 1419993.991236, 9410843.109411, -78.400757, 1419995.995235, 9410843.098291, -73.690945, 16.404199, 16.404199, 32.808399, -61.203292, 16.532460, 169.313017, 0.642423, 0.635613, 1.051051, 0.116357, 0.098348, 0.124706, 0.989640
DJI_0292.JPG, 0, FC6310_8.8_4864x3648 (RGB)(1), 1419977.386943, 9410812.371353, -79.638691, 1419980.476015, 9410813.715825, -74.019029, 16.404199, 16.404199, 32.808399, -61.222686, 16.487081, 169.342607, 0.606830, 0.595656, 1.024059, 0.116308, 0.098357, 0.124722, 0.989518
DJI_0293.JPG, 0, FC6310_8.8_4864x3648 (RGB)(1), 1419960.781626, 9410782.437224, -80.645728, 1419966.615499, 9410787.453749, -74.675197, 16.404199, 16.404199, 32.808399, -61.223857, 16.755835, 169.178888, 0.575396, 0.561311, 1.001026, 0.116600, 0.098258, 0.124746, 0.989229
DJI_0294.JPG, 0, FC6310_8.8_4864x3648 (RGB)(1), 1419948.580470, 9410760.329460, -81.241410, 1419950.993086, 9410759.313280, -75.003281, 16.404199, 16.404199, 32.808399, -61.121557, 16.969716, 169.057825, 0.554990, 0.539737, 0.986493, 0.116857, 0.098233, 0.124722, 0.989473
DJI_0295.JPG, 0, FC6310_8.8_4864x3648 (RGB)(1), 1419933.792594, 9410735.563996, -82.085791, 1419940.369663, 9410739.645654, -74.675197, 16.404199, 16.404199, 32.808399, -58.604275, 26.251478, 163.060494, 0.534366, 0.519391, 0.972098, 0.131494, 0.094695, 0.124359, 0.989049
DJI_0296.JPG, 0, FC6310_8.8_4864x3648 (RGB)(1), 1419917.402533, 9410717.331303, -82.342267, 1419919.627208, 9410715.043845, -75.003281, 16.404199, 16.404199, 32.808399, -63.602224, 30.092605, 164.391720, 0.517703, 0.505059, 0.960321, 0.138570, 0.091761, 0.126260, 0.989315
DJI_0297.JPG, 0, FC6310_8.8_4864x3648 (RGB)(1), 1419911.665963, 9410703.398427, -78.977780, 1419912.646298, 9410704.501972, -75.331365, 16.404199, 16.404199, 32.808399, -35.848030, -43.153801, -136.694551, 0.507838, 0.494213, 0.956248, 0.167656, 0.092031, 0.151363, 0.989729
DJI_0298.JPG, 0, FC6310_8.8_4864x3648 (RGB)(1), 1419913.110997, 9410704.924902, -78.756614, 1419915.258255, 9410706.638435, -75.003281, 16.404199, 16.404199, 32.808399, 1.148779, -53.563903, -87.379309, 0.509092, 0.495068, 0.957084, 0.113634, 0.128497, 0.227889, 0.989695
DJI_0299.JPG, 0, FC6310_8.8_4864x3648 (RGB)(1), 1419914.461919, 9410706.528016, -85.694441, 1419916.133871, 9410708.319507, -82.549213, 16.404199, 16.404199, 32.808399, 55.667495, -49.174529, -25.476753, 0.510620, 0.496192, 0.957976, 0.198388, 0.081831, 0.139022, 0.989740
DJI_0300.JPG, 0, FC6310_8.8_4864x3648 (RGB)(1), 1419940.931404, 9410726.867797, -85.338951, 1419934.452151, 9410722.901127, -82.221129, 16.404199, 16.404199, 32.808399, 59.000309, -43.822597, -20.778686, 0.536892, 0.517055, 0.975482, 0.177736, 0.085643, 0.130505, 0.989485
DJI_0301.JPG, 0, FC6310_8.8_4864x3648 (RGB)(1), 1419966.239022, 9410742.364474, -83.304464, 1419964.878976, 9410742.416850, -82.221129, 16.404199, 16.404199, 32.808399, 59.944955, -42.023540, -19.366173, 0.565718, 0.540029, 0.995524, 0.171369, 0.086829, 0.129032, 0.989839
DJI_0302.JPG, 0, FC6310_8.8_4864x3648 (RGB)(1), 1419980.451874, 9410752.719192, -82.910156, 1419977.941035, 9410751.766871, -81.893045, 16.404199, 16.404199, 32.808399, 60.884082, -39.919642, -17.800924, 0.584141, 0.555369, 1.008565, 0.164257, 0.088159, 0.127891, 0.989815
DJI_0303.JPG, 0, FC6310_8.8_4864x3648 (RGB)(1), 1419995.251632, 9410767.227357, -82.637430, 1419990.675398, 9410763.066555, -82.221129, 16.404199, 16.404199, 32.808399, 61.113854, -39.374856, -17.401103, 0.605906, 0.574782, 1.024144, 0.162479, 0.088492, 0.127676, 0.989665
DJI_0304.JPG, 0, FC6310_8.8_4864x3648 (RGB)(1), 1420014.876907, 9410788.671324, -82.064599, 1420008.030597, 9410782.063850, -81.893045, 16.404199, 16.404199, 32.808399, 61.888404, -37.409373, -16.039228, 0.637856, 0.604550, 1.047574, 0.156352, 0.089617, 0.127119, 0.989395
DJI_0305.JPG, 0, FC6310_8.8_4864x3648 (RGB)(1), 1420039.250344, 9410817.168679, -81.624788, 1420038.676769, 9410817.697283, -81.893045, 16.404199, 16.404199, 32.808399, 57.973429, -33.634386, -17.041762, 0.681788, 0.647074, 1.080850, 0.146451, 0.091832, 0.125854, 0.989855
DJI_0306.JPG, 0, FC6310_8.8_4864x3648 (RGB)(1), 1420061.718754, 9410842.942681, -81.520708, 1420059.470660, 9410841.673107, -81.564961, 16.404199, 16.404199, 32.808399, 60.255754, -26.042909, -11.949730, 0.724957, 0.689430, 1.114701, 0.129319, 0.095776, 0.125343, 0.989826
DJI_0307.JPG, 0, FC6310_8.8_4864x3648 (RGB)(1), 1420078.406022, 9410867.230685, -81.893750, 1420078.715252, 9410869.643673, -81.893045, 16.404199, 16.404199, 32.808399, 61.776515, -17.696376, -7.023201, 0.761611, 0.727802, 1.144268, 0.116688, 0.098529, 0.125228, 0.989827
DJI_0308.JPG, 0, FC6310_8.8_4864x3648 (RGB)(1), 1420090.767364, 9410896.664358, -82.073243, 1420088.894902, 9410893.562826, -82.221129, 16.404199, 16.404199, 32.808399, 62.661267, -4.964044, -0.379892, 0.797266, 0.769823, 1.173876, 0.110618, 0.099774, 0.123235, 0.989790
DJI_0309.JPG, 0, FC6310_8.8_4864x3648 (RGB)(1), 1420095.519773, 9410925.089295, -82.241445, 1420093.948221, 9410918.002787, -82.549213, 16.404199, 16.404199, 32.808399, 62.508305, 2.053446, 3.116922, 0.823684, 0.806506, 1.196657, 0.113584, 0.099116, 0.120967, 0.989574
DJI_0310.JPG, 0, FC6310_8.8_4864x3648 (RGB)(1), 1420092.472053, 9410949.496191, -82.189170, 1420094.212657, 9410941.134967, -82.549213, 16.404199, 16.404199, 32.808399, 57.266300, 29.071527, 18.656048, 0.838312, 0.833912, 1.210168, 0.154455, 0.088869, 0.113800, 0.989462
DJI_0311.JPG, 0, FC6310_8.8_4864x3648 (RGB)(1), 1420077.175302, 9410972.645950, -82.825707, 1420077.787157, 9410971.801342, -82.221129, 16.404199, 16.404199, 32.808399, 29.193113, 56.880712, 56.243791, 0.838115, 0.852042, 1.212095, 0.177836, 0.103065, 0.233356, 0.989850
DJI_0312.JPG, 0, FC6310_8.8_4864x3648 (RGB)(1), 1420022.261852, 9410922.273948, -86.250241, 1420032.777410, 9410939.945620, -80.908793, 16.404199, 16.404199, 32.808399, -64.799902, 18.873355, 169.314828, 0.731369, 0.745808, 1.123131, 0.118767, 0.095869, 0.126410, 0.987102
DJI_0313.JPG, 0, FC6310_8.8_4864x3648 (RGB)(1), 1419991.071646, 9410862.156033, -87.240151, 1419994.215681, 9410869.844199, -81.564961, 16.404199, 16.404199, 32.808399, -61.937618, 29.272776, 163.191088, 0.652170, 0.653511, 1.059030, 0.136772, 0.092328, 0.125607, 0.989189
DJI_0120.JPG, 0, FC6310_8.8_4864x3648 (RGB)(1), 1419644.739025, 9410543.300474, -79.218918, 1419641.644801, 9410541.917627, -78.444882, 16.404199, 16.404199, 32.808399, 1.431508, 1.336024, -79.940832, 0.604632, 0.594046, 1.022815, 0.118378, 0.122954, 0.089898, 0.989798
DJI_0121.JPG, 0, FC6310_8.8_4864x3648 (RGB)(1), 1419667.030117, 9410546.607645, -79.990011, 1419662.787787, 9410544.917878, -78.444882, 16.404199, 16.404199, 32.808399, 1.231168, 1.409589, -80.304180, 0.580238, 0.576697, 1.005795, 0.118093, 0.123182, 0.089891, 0.989737
DJI_0122.JPG, 0, FC6310_8.8_4864x3648 (RGB)(1), 1419683.502173, 9410549.118444, -86.874663, 1419680.081863, 9410548.392070, -84.022310, 16.404199, 16.404199, 32.808399, 1.385550, 1.230094, -80.307377, 0.564282, 0.565126, 0.994759, 0.118101, 0.123177, 0.089922, 0.989728
DJI_0123.JPG, 0, FC6310_8.8_4864x3648 (RGB)(1), 1419702.760316, 9410549.835693, -87.272994, 1419696.596711, 9410549.407533, -85.662730, 16.404199, 16.404199, 32.808399, 1.524045, 1.447802, -80.038854, 0.548767, 0.554657, 0.984241, 0.118326, 0.123001, 0.089947, 0.989655
DJI_0124.JPG, 0, FC6310_8.8_4864x3648 (RGB)(1), 1419722.545621, 9410550.560620, -87.337652, 1419716.635183, 9410550.586611, -85.006562, 16.404199, 16.404199, 32.808399, 0.942199, 1.189523, -80.522963, 0.535496, 0.545440, 0.975308, 0.117954, 0.123324, 0.089948, 0.989645
DJI_0125.JPG, 0, FC6310_8.8_4864x3648 (RGB)(1), 1419748.141120, 9410545.899513, -86.698056, 1419745.693988, 9410545.320384, -85.990814, 16.404199, 16.404199, 32.808399, 0.634445, 1.278669, -79.991864, 0.526006, 0.541166, 0.969290, 0.118343, 0.123015, 0.090216, 0.989824
DJI_0128.JPG, 0, FC6310_8.8_4864x3648 (RGB)(1), 1419776.432274, 9410580.276803, -88.420133, 1419774.923611, 9410580.496614, -85.662730, 16.404199, 16.404199, 32.808399, 1.636857, 1.593783, 54.519460, 0.499768, 0.505997, 0.949383, 0.124114, 0.118158, 0.090657, 0.989780
DJI_0129.JPG, 0, FC6310_8.8_4864x3648 (RGB)(1), 1419765.077985, 9410588.714589, -88.360754, 1419765.226374, 9410588.418994, -85.662730, 16.404199, 16.404199, 32.808399, 1.428993, 1.341803, 56.063035, 0.498034, 0.502144, 0.948213, 0.122338, 0.119207, 0.090085, 0.989793
DJI_0130.JPG, 0, FC6310_8.8_4864x3648 (RGB)(1), 1419751.792599, 9410599.427904, -87.708001, 1419753.389621, 9410597.351569, -85.990814, 16.404199, 16.404199, 32.808399, 1.098274, 1.142637, 55.995611, 0.497631, 0.498762, 0.947961, 0.122339, 0.119233, 0.089961, 0.989797
DJI_0131.JPG, 0, FC6310_8.8_4864x3648 (RGB)(1), 1419732.711977, 9410612.716099, -86.648520, 1419733.457001, 9410611.473171, -85.990814, 16.404199, 16.404199, 32.808399, 1.064034, 0.965204, 56.859587, 0.501357, 0.498135, 0.950775, 0.121454, 0.119855, 0.089973, 0.989844
DJI_0132.JPG, 0, FC6310_8.8_4864x3648 (RGB)(1), 1419708.409822, 9410617.366610, -85.268203, 1419706.988909, 9410618.280470, -85.662730, 16.404199, 16.404199, 32.808399, 2.057510, 0.199463, 112.853025, 0.515139, 0.506631, 0.960518, 0.127798, 0.113413, 0.090411, 0.989843
DJI_0133.JPG, 0, FC6310_8.8_4864x3648 (RGB)(1), 1419676.075014, 9410607.603232, -84.985773, 1419680.978640, 9410607.583888, -85.990814, 16.404199, 16.404199, 32.808399, -0.049452, 0.445945, 122.060528, 0.545120, 0.528962, 0.981181, 0.131293, 0.109294, 0.090110, 0.989736
DJI_0134.JPG, 0, FC6310_8.8_4864x3648 (RGB)(1), 1419647.949305, 9410595.910176, -84.226382, 1419654.367171, 9410597.112454, -85.662730, 16.404199, 16.404199, 32.808399, 0.897923, -0.191981, 112.815567, 0.577761, 0.553665, 1.003697, 0.127911, 0.113331, 0.090025, 0.989638
DJI_0135.JPG, 0, FC6310_8.8_4864x3648 (RGB)(1), 1419633.155768, 9410593.094302, -84.142235, 1419636.095076, 9410591.564097, -85.334646, 16.404199, 16.404199, 32.808399, 1.100380, -0.002779, 109.078703, 0.595550, 0.566175, 1.016266, 0.125474, 0.115902, 0.090028, 0.989793
DJI_0136.JPG, 0, FC6310_8.8_4864x3648 (RGB)(1), 1419620.278453, 9410594.145405, -84.485184, 1419623.997488, 9410592.342768, -85.334646, 16.404199, 16.404199, 32.808399, 1.029633, -0.090599, 112.634496, 0.610750, 0.575735, 1.027205, 0.127682, 0.113451, 0.090032, 0.989770
DJI_0137.JPG, 0, FC6310_8.8_4864x3648 (RGB)(1), 1419579.110627, 9410529.111863, -73.098475, 1419579.981041, 9410528.325582, -73.523622, 16.404199, 16.404199, 32.808399, 23.821924, -17.390689, -38.414560, 0.692501, 0.657875, 1.086600, 0.132487, 0.104724, 0.104615, 0.989850
DJI_0138.JPG, 0, FC6310_8.8_4864x3648 (RGB)(1), 1419586.381320, 9410522.421966, -74.086379, 1419586.475587, 9410522.317106, -73.851706, 16.404199, 16.404199, 32.808399, 25.472807, -14.771138, -32.324243, 0.686368, 0.657872, 1.082185, 0.126949, 0.109253, 0.103674, 0.989858
DJI_0139.JPG, 0, FC6310_8.8_4864x3648 (RGB)(1), 1419596.538785, 9410516.300162, -73.957059, 1419597.110355, 9410515.691894, -74.179790, 16.404199, 16.404199, 32.808399, 27.125222, -11.152593, -24.439747, 0.676721, 0.655519, 1.075269, 0.118925, 0.115518, 0.103016, 0.989855
DJI_0140.JPG, 0, FC6310_8.8_4864x3648 (RGB)(1), 1419606.649815, 9410512.102961, -73.845113, 1419605.697630, 9410512.004206, -74.179790, 16.404199, 16.404199, 32.808399, 29.804839, -7.856911, -16.545811, 0.666628, 0.651843, 1.068091, 0.112455, 0.119294, 0.103699, 0.989853
DJI_0141.JPG, 0, FC6310_8.8_4864x3648 (RGB)(1), 1419615.223460, 9410509.655258, -73.371703, 1419614.280544, 9410509.245114, -74.179790, 16.404199, 16.404199, 32.808399, 30.472016, -4.460072, -10.462690, 0.657851, 0.647949, 1.061879, 0.109500, 0.121167, 0.103174, 0.989848
DJI_0142.JPG, 0, FC6310_8.8_4864x3648 (RGB)(1), 1419624.897298, 9410508.217992, -72.826245, 1419623.345319, 9410507.906688, -74.179790, 16.404199, 16.404199, 32.808399, 30.789296, -0.735208, -3.776489, 0.647577, 0.642496, 1.054619, 0.109761, 0.120949, 0.102306, 0.989830
DJI_0143.JPG, 0, FC6310_8.8_4864x3648 (RGB)(1), 1419637.040911, 9410507.730496, -72.731713, 1419635.552807, 9410507.198106, -74.179790, 16.404199, 16.404199, 32.808399, 40.164683, 4.421899, 3.570805, 0.634480, 0.634669, 1.045402, 0.114565, 0.112334, 0.107067, 0.989828
DJI_0144.JPG, 0, FC6310_8.8_4864x3648 (RGB)(1), 1419646.915856, 9410509.070352, -71.987970, 1419647.991281, 9410508.819864, -74.179790, 16.404199, 16.404199, 32.808399, 40.041205, 5.049229, 4.455126, 0.623266, 0.626784, 1.037469, 0.115410, 0.111901, 0.106787, 0.989810
DJI_0145.JPG, 0, FC6310_8.8_4864x3648 (RGB)(1), 1419660.593469, 9410513.374667, -71.559004, 1419660.103475, 9410512.663795, -74.179790, 16.404199, 16.404199, 32.808399, 39.971719, -0.883360, -2.553482, 0.606886, 0.613675, 1.025843, 0.110181, 0.114978, 0.108480, 0.989793
DJI_0146.JPG, 0, FC6310_8.8_4864x3648 (RGB)(1), 1419673.330233, 9410514.269617, -71.411490, 1419672.275425, 9410513.923573, -73.851706, 16.404199, 16.404199, 32.808399, 39.076177, -7.966267, -11.200556, 0.594607, 0.605375, 1.017397, 0.110838, 0.114897, 0.109958, 0.989800
DJI_0147.JPG, 0, FC6310_8.8_4864x3648 (RGB)(1), 1419680.649746, 9410517.787703, -71.461943, 1419681.331802, 9410518.065791, -74.179790, 16.404199, 16.404199, 32.808399, 39.483948, -5.225317, -7.818039, 0.585938, 0.597591, 1.011260, 0.109585, 0.115495, 0.109438, 0.989790
DJI_0148.JPG, 0, FC6310_8.8_4864x3648 (RGB)(1), 1419696.542711, 9410518.456662, -71.883051, 1419694.899637, 9410519.237671, -73.851706, 16.404199, 16.404199, 32.808399, 39.939349, 0.263912, -1.114477, 0.572928, 0.588862, 1.002488, 0.110849, 0.114626, 0.108067, 0.989808
DJI_0149.JPG, 0, FC6310_8.8_4864x3648 (RGB)(1), 1419709.267261, 9410518.579334, -71.661166, 1419709.292466, 9410519.335450, -73.851706, 16.404199, 16.404199, 32.808399, 39.946148, -0.046210, -1.430492, 0.564048, 0.583030, 0.996581, 0.110685, 0.114726, 0.108178, 0.989813
DJI_0150.JPG, 0, FC6310_8.8_4864x3648 (RGB)(1), 1419725.010305, 9410525.105976, -71.441328, 1419724.795819, 9410525.988096, -73.851706, 16.404199, 16.404199, 32.808399, 39.997199, 1.970840, 0.976828, 0.550178, 0.569746, 0.986847, 0.112200, 0.113816, 0.107592, 0.989802
DJI_0151.JPG, 0, FC6310_8.8_4864x3648 (RGB)(1), 1419735.748842, 9410531.816549, -70.916479, 1419733.735495, 9410532.290861, -73.851706, 16.404199, 16.404199, 32.808399, 39.738838, 6.384874, 6.364525, 0.540274, 0.558978, 0.979749, 0.117369, 0.110846, 0.106162, 0.989761
DJI_0152.JPG, 0, FC6310_8.8_4864x3648 (RGB)(1), 1419743.305959, 9410540.467795, -70.620682, 1419741.803302, 9410539.425737, -73.851706, 16.404199, 16.404199, 32.808399, 39.987684, 0.565040, -0.661497, 0.531343, 0.547859, 0.973161, 0.111089, 0.114475, 0.108027, 0.989749
DJI_0153.JPG, 0, FC6310_8.8_4864x3648 (RGB)(1), 1419747.236545, 9410550.219950, -71.061068, 1419745.640124, 9410549.055132, -73.523622, 16.404199, 16.404199, 32.808399, 44.757443, -14.481658, -15.335075, 0.523710, 0.537335, 0.967434, 0.116635, 0.107843, 0.115501, 0.989785
DJI_0154.JPG, 0, FC6310_8.8_4864x3648 (RGB)(1), 1419750.031424, 9410560.646118, -70.624656, 1419749.057588, 9410560.553912, -73.523622, 16.404199, 16.404199, 32.808399, 43.130197, -12.636829, -14.494961, 0.516633, 0.527223, 0.962099, 0.114801, 0.109915, 0.113977, 0.989779
DJI_0155.JPG, 0, FC6310_8.8_4864x3648 (RGB)(1), 1419752.036752, 9410570.700694, -71.143105, 1419751.030118, 9410571.474697, -73.523622, 16.404199, 16.404199, 32.808399, 30.827724, 25.790860, 35.594656, 0.510411, 0.518331, 0.957455, 0.145087, 0.095799, 0.111893, 0.989800
DJI_0156.JPG, 0, FC6310_8.8_4864x3648 (RGB)(1), 1419752.431013, 9410584.709938, -72.020606, 1419751.357316, 9410585.452053, -73.523622, 16.404199, 16.404199, 32.808399, 21.196565, 34.014471, 55.690580, 0.503361, 0.507761, 0.952235, 0.134819, 0.110526, 0.135204, 0.989830
DJI_0157.JPG, 0, FC6310_8.8_4864x3648 (RGB)(1), 1419751.305849, 9410597.793454, -73.084281, 1419750.093668, 9410598.872349, -73.195538, 16.404199, 16.404199, 32.808399, 12.770684, 37.324168, 70.707971, 0.498123, 0.499648, 0.948437, 0.117377, 0.124869, 0.150867, 0.989845
DJI_0158.JPG, 0, FC6310_8.8_4864x3648 (RGB)(1), 1419747.790272, 9410611.955582, -80.549753, 1419747.745479, 9410610.804416, -81.069554, 16.404199, 16.404199, 32.808399, 1.482466, 38.783067, 89.478540, 0.494209, 0.493114, 0.945735, 0.111128, 0.129371, 0.157531, 0.989849
DJI_0159.JPG, 0, FC6310_8.8_4864x3648 (RGB)(1), 1419743.211429, 9410628.331785, -80.115435, 1419741.875271, 9410628.225036, -81.397638, 16.404199, 16.404199, 32.808399, -19.126831, 37.887160, 121.840260, 0.491439, 0.488016, 0.943982, 0.147335, 0.100535, 0.142848, 0.989836
DJI_0160.JPG, 0, FC6310_8.8_4864x3648 (RGB)(1), 1419738.216403, 9410638.351417, -79.766730, 1419736.969096, 9410637.868977, -81.397638, 16.404199, 16.404199, 32.808399, -28.774431, 40.008641, 132.801986, 0.491558, 0.486926, 0.944316, 0.160502, 0.089931, 0.142851, 0.989826
DJI_0161.JPG, 0, FC6310_8.8_4864x3648 (RGB)(1), 1419729.716115, 9410652.037642, -79.191043, 1419727.216067, 9410652.705472, -81.069554, 16.404199, 16.404199, 32.808399, -45.990357, 42.926818, 148.819503, 0.493872, 0.487824, 0.946439, 0.177390, 0.082889, 0.138519, 0.989795
DJI_0162.JPG, 0, FC6310_8.8_4864x3648 (RGB)(1), 1419698.454924, 9410653.351907, -74.950309, 1419698.717187, 9410653.245240, -74.835958, 16.404199, 16.404199, 32.808399, -48.391012, 12.083067, 168.263898, 0.515314, 0.502380, 0.961882, 0.112986, 0.107777, 0.116926, 0.989858
DJI_0163.JPG, 0, FC6310_8.8_4864x3648 (RGB)(1), 1419691.021629, 9410658.931872, -74.402905, 1419691.052329, 9410658.835788, -75.164042, 16.404199, 16.404199, 32.808399, -49.128323, 6.817833, 173.224606, 0.520973, 0.506116, 0.966177, 0.109948, 0.109009, 0.116155, 0.989853
DJI_0164.JPG, 0, FC6310_8.8_4864x3648 (RGB)(1), 1419678.554604, 9410666.965009, -74.166681, 1419679.100765, 9410666.729377, -74.835958, 16.404199, 16.404199, 32.808399, -47.506814, 1.611300, 178.003663, 0.531798, 0.513419, 0.974322, 0.110421, 0.110145, 0.113599, 0.989853
DJI_0165.JPG, 0, FC6310_8.8_4864x3648 (RGB)(1), 1419668.289877, 9410671.813110, -74.536707, 1419668.065990, 9410671.872927, -74.507874, 16.404199, 16.404199, 32.808399, -47.380665, -0.862091, -179.459787, 0.541707, 0.520175, 0.981733, 0.111908, 0.109596, 0.112727, 0.989858
DJI_0166.JPG, 0, FC6310_8.8_4864x3648 (RGB)(1), 1419657.190024, 9410675.472628, -74.221113, 1419658.526571, 9410674.969990, -74.835958, 16.404199, 16.404199, 32.808399, -53.969689, -0.269212, 179.969769, 0.553344, 0.528043, 0.990378, 0.111518, 0.105385, 0.117121, 0.989845
DJI_0167.JPG, 0, FC6310_8.8_4864x3648 (RGB)(1), 1419644.098464, 9410678.740841, -74.807125, 1419643.824253, 9410678.578009, -74.507874, 16.404199, 16.404199, 32.808399, -50.505711, -4.647192, -176.171028, 0.567965, 0.537896, 1.001256, 0.115188, 0.106189, 0.113497, 0.989857
DJI_0168.JPG, 0, FC6310_8.8_4864x3648 (RGB)(1), 1419633.878572, 9410679.117368, -75.048034, 1419634.243222, 9410678.899670, -74.835958, 16.404199, 16.404199, 32.808399, -50.344055, -6.164065, -174.809305, 0.580019, 0.545793, 1.010095, 0.116872, 0.105552, 0.112895, 0.989857
DJI_0169.JPG, 0, FC6310_8.8_4864x3648 (RGB)(1), 1419618.988593, 9410678.416392, -75.049946, 1419617.609574, 9410677.844469, -74.835958, 16.404199, 16.404199, 32.808399, -51.074787, -8.007053, -173.360559, 0.598527, 0.557819, 1.023690, 0.119027, 0.104194, 0.112753, 0.989848
DJI_0170.JPG, 0, FC6310_8.8_4864x3648 (RGB)(1), 1419608.856029, 9410677.101448, -75.280039, 1419607.480730, 9410676.342083, -74.835958, 16.404199, 16.404199, 32.808399, -51.132437, -7.690081, -173.615601, 0.611716, 0.566328, 1.033359, 0.118638, 0.104401, 0.112894, 0.989845
DJI_0171.JPG, 0, FC6310_8.8_4864x3648 (RGB)(1), 1419598.556546, 9410673.619979, -74.888493, 1419598.146129, 9410673.109694, -74.835958, 16.404199, 16.404199, 32.808399, -50.818914, -9.736334, -171.862737, 0.625614, 0.575181, 1.043413, 0.121351, 0.103375, 0.112082, 0.989856
DJI_0172.JPG, 0, FC6310_8.8_4864x3648 (RGB)(1), 1419588.997445, 9410669.857307, -74.483334, 1419589.311392, 9410669.471015, -74.835958, 16.404199, 16.404199, 32.808399, -50.698371, -10.155711, -171.516330, 0.638972, 0.583747, 1.053084, 0.121941, 0.103232, 0.111900, 0.989856
DJI_0173.JPG, 0, FC6310_8.8_4864x3648 (RGB)(1), 1419582.560232, 9410666.598758, -74.408364, 1419583.418890, 9410666.523763, -74.835958, 16.404199, 16.404199, 32.808399, -50.758695, -10.106911, -171.543205, 0.648221, 0.589708, 1.059743, 0.121876, 0.103273, 0.111951, 0.989853
DJI_0174.JPG, 0, FC6310_8.8_4864x3648 (RGB)(1), 1419575.305947, 9410662.279406, -74.620179, 1419575.114980, 9410661.398668, -74.507874, 16.404199, 16.404199, 32.808399, -51.330708, 4.590374, 176.421891, 0.658908, 0.596658, 1.067420, 0.110132, 0.108160, 0.117107, 0.989854
DJI_0175.JPG, 0, FC6310_8.8_4864x3648 (RGB)(1), 1419559.689807, 9410648.795554, -72.439345, 1419561.016797, 9410649.349114, -72.211286, 16.404199, 16.404199, 32.808399, -49.633276, 15.635007, 167.103255, 0.683205, 0.613033, 1.084653, 0.116959, 0.105939, 0.118888, 0.989848
DJI_0176.JPG, 0, FC6310_8.8_4864x3648 (RGB)(1), 1419553.061067, 9410640.345924, -72.319932, 1419552.666971, 9410638.834508, -72.211286, 16.404199, 16.404199, 32.808399, -50.595656, 10.948979, 171.117656, 0.694236, 0.620976, 1.092341, 0.112307, 0.107636, 0.118389, 0.989845
DJI_0177.JPG, 0, FC6310_8.8_4864x3648 (RGB)(1), 1419548.494112, 9410633.489104, -72.033912, 1419548.785238, 9410632.909552, -72.211286, 16.404199, 16.404199, 32.808399, -51.078419, 7.245729, 174.287551, 0.702223, 0.627032, 1.097869, 0.110502, 0.108278, 0.117754, 0.989856
DJI_0178.JPG, 0, FC6310_8.8_4864x3648 (RGB)(1), 1419542.630521, 9410622.478247, -71.507831, 1419543.699756, 9410623.609563, -72.211286, 16.404199, 16.404199, 32.808399, -51.462170, 2.041672, 178.455610, 0.713206, 0.635995, 1.105403, 0.110686, 0.108153, 0.116459, 0.989842
DJI_0179.JPG, 0, FC6310_8.8_4864x3648 (RGB)(1), 1419536.998977, 9410607.655326, -71.264598, 1419537.613752, 9410607.855082, -71.883202, 16.404199, 16.404199, 32.808399, -5.641222, 50.631475, 96.900596, 0.725197, 0.647425, 1.113786, 0.119559, 0.126299, 0.210414, 0.989853
DJI_0180.JPG, 0, FC6310_8.8_4864x3648 (RGB)(1), 1419534.446500, 9410591.333548, -72.058463, 1419535.087405, 9410592.173172, -71.555118, 16.404199, 16.404199, 32.808399, 5.975637, 50.407637, 81.720762, 0.733426, 0.657536, 1.119013, 0.112689, 0.130057, 0.212527, 0.989851
DJI_0181.JPG, 0, FC6310_8.8_4864x3648 (RGB)(1), 1419534.165795, 9410575.364151, -72.568069, 1419534.826837, 9410575.187710, -71.883202, 16.404199, 16.404199, 32.808399, 9.126515, 49.796363, 77.338654, 0.738877, 0.666945, 1.122322, 0.116357, 0.128523, 0.208205, 0.989852
DJI_0182.JPG, 0, FC6310_8.8_4864x3648 (RGB)(1), 1419539.664177, 9410551.959463, -72.113150, 1419539.059629, 9410553.485867, -71.883202, 16.404199, 16.404199, 32.808399, 0.712864, -50.173018, -90.870653, 0.738192, 0.675660, 1.121497, 0.110929, 0.129617, 0.212663, 0.989844
DJI_0183.JPG, 0, FC6310_8.8_4864x3648 (RGB)(1), 1419545.504181, 9410539.288473, -73.004414, 1419546.168364, 9410539.117091, -71.555118, 16.404199, 16.404199, 32.808399, 18.073801, -47.882371, -68.324729, 0.735017, 0.679729, 1.118818, 0.143353, 0.109257, 0.185554, 0.989838
DJI_0184.JPG, 0, FC6310_8.8_4864x3648 (RGB)(1), 1419552.501966, 9410527.832567, -73.823689, 1419552.311470, 9410528.649234, -71.883202, 16.404199, 16.404199, 32.808399, 27.448068, -44.184799, -55.476310, 0.730301, 0.682796, 1.115159, 0.159392, 0.093355, 0.158365, 0.989821
DJI_0185.JPG, 0, FC6310_8.8_4864x3648 (RGB)(1), 1419558.976383, 9410519.278333, -74.337709, 1419560.199074, 9410518.444942, -71.883202, 16.404199, 16.404199, 32.808399, 43.030395, -48.125091, -40.472020, 0.725487, 0.684626, 1.111565, 0.187916, 0.079350, 0.153935, 0.989794
DJI_0186.JPG, 0, FC6310_8.8_4864x3648 (RGB)(1), 1419570.750021, 9410507.350233, -75.341326, 1419570.079758, 9410508.926853, -72.211286, 16.404199, 16.404199, 32.808399, 49.368759, -41.661901, -31.397269, 0.715814, 0.685817, 1.104546, 0.172664, 0.082687, 0.133680, 0.989756
DJI_0187.JPG, 0, FC6310_8.8_4864x3648 (RGB)(1), 1419580.320396, 9410500.757081, -75.558566, 1419580.516871, 9410501.131844, -72.211286, 16.404199, 16.404199, 32.808399, 53.148436, -36.199173, -25.491144, 0.706953, 0.684548, 1.098184, 0.157866, 0.087353, 0.127050, 0.989758
DJI_0188.JPG, 0, FC6310_8.8_4864x3648 (RGB)(1), 1419599.927069, 9410491.842099, -79.195243, 1419601.640115, 9410491.384498, -77.132546, 16.404199, 16.404199, 32.808399, 58.313034, -24.302563, -15.621215, 0.687660, 0.678632, 1.084480, 0.129825, 0.095548, 0.124424, 0.989806
DJI_0189.JPG, 0, FC6310_8.8_4864x3648 (RGB)(1), 1419612.602172, 9410489.060923, -80.062742, 1419613.563260, 9410488.618363, -79.101050, 16.404199, 16.404199, 32.808399, 59.428186, -19.772777, -12.595275, 0.674348, 0.672386, 1.075043, 0.122023, 0.097550, 0.124436, 0.989845
DJI_0190.JPG, 0, FC6310_8.8_4864x3648 (RGB)(1), 1419626.465020, 9410487.617669, -80.348305, 1419625.560334, 9410487.809926, -78.772966, 16.404199, 16.404199, 32.808399, 59.665030, -18.321063, -11.636284, 0.659596, 0.664349, 1.064635, 0.119872, 0.098116, 0.124389, 0.989832
DJI_0191.JPG, 0, FC6310_8.8_4864x3648 (RGB)(1), 1419635.812170, 9410487.070837, -79.919286, 1419635.141201, 9410487.447892, -79.101050, 16.404199, 16.404199, 32.808399, 58.498713, -14.304830, -9.789945, 0.649881, 0.658777, 1.057840, 0.115176, 0.100277, 0.123337, 0.989850
DJI_0192.JPG, 0, FC6310_8.8_4864x3648 (RGB)(1), 1419646.802165, 9410488.195649, -79.547936, 1419647.258298, 9410488.687758, -79.101050, 16.404199, 16.404199, 32.808399, 53.577906, -8.091165, -7.145042, 0.637743, 0.650481, 1.049275, 0.110721, 0.105154, 0.119443, 0.989855
DJI_0193.JPG, 0, FC6310_8.8_4864x3648 (RGB)(1), 1419658.001683, 9410490.912362, -79.177376, 1419659.046993, 9410491.735988, -79.101050, 16.404199, 16.404199, 32.808399, 52.963262, -12.324108, -10.403096, 0.624859, 0.640534, 1.040130, 0.113564, 0.104273, 0.120009, 0.989850
DJI_0194.JPG, 0, FC6310_8.8_4864x3648 (RGB)(1), 1419671.547171, 9410495.078785, -79.192800, 1419671.023437, 9410495.802669, -78.772966, 16.404199, 16.404199, 32.808399, 53.761738, -7.364474, -6.562888, 0.609494, 0.627975, 1.029244, 0.110424, 0.105164, 0.119368, 0.989853
DJI_0195.JPG, 0, FC6310_8.8_4864x3648 (RGB)(1), 1419682.496645, 9410501.177994, -79.240965, 1419681.602990, 9410501.541888, -78.772966, 16.404199, 16.404199, 32.808399, 53.655674, -7.923486, -6.960812, 0.595811, 0.615065, 1.019414, 0.110624, 0.105140, 0.119429, 0.989852
DJI_0196.JPG, 0, FC6310_8.8_4864x3648 (RGB)(1), 1419692.315187, 9410507.937217, -78.985082, 1419691.996481, 9410508.372127, -78.772966, 16.404199, 16.404199, 32.808399, 54.095169, -3.227786, -3.402963, 0.583237, 0.602427, 1.010348, 0.109942, 0.105248, 0.118416, 0.989857
DJI_0197.JPG, 0, FC6310_8.8_4864x3648 (RGB)(1), 1419697.441069, 9410512.948111, -78.927490, 1419698.462771, 9410514.647195, -78.772966, 16.404199, 16.404199, 32.808399, 35.389230, 10.708229, 13.484360, 0.575889, 0.594357, 1.004985, 0.125228, 0.107665, 0.102812, 0.989838
DJI_0198.JPG, 0, FC6310_8.8_4864x3648 (RGB)(1), 1419708.868489, 9410525.924817, -89.533970, 1419709.066416, 9410526.866110, -90.255906, 16.404199, 16.404199, 32.808399, 33.790315, 15.761231, 21.268212, 0.559593, 0.575507, 0.992971, 0.134080, 0.101644, 0.102821, 0.989849
DJI_0199.JPG, 0, FC6310_8.8_4864x3648 (RGB)(1), 1419715.415417, 9410534.977966, -89.564764, 1419714.774798, 9410534.840719, -90.255906, 16.404199, 16.404199, 32.808399, 48.628691, 10.580353, 8.359827, 0.549503, 0.563425, 0.985589, 0.121850, 0.103558, 0.110681, 0.989852
DJI_0200.JPG, 0, FC6310_8.8_4864x3648 (RGB)(1), 1419719.525465, 9410544.294528, -89.388158, 1419718.507409, 9410543.723752, -89.927822, 16.404199, 16.404199, 32.808399, 39.280101, -30.894301, -33.413470, 0.541183, 0.552624, 0.979441, 0.146660, 0.092233, 0.121611, 0.989849
DJI_0201.JPG, 0, FC6310_8.8_4864x3648 (RGB)(1), 1419724.668028, 9410556.253875, -90.088069, 1419723.989512, 9410555.625764, -89.599738, 16.404199, 16.404199, 32.808399, 41.050562, -28.480076, -30.165360, 0.531256, 0.539684, 0.972150, 0.141869, 0.094548, 0.119785, 0.989852
DJI_0202.JPG, 0, FC6310_8.8_4864x3648 (RGB)(1), 1419727.273650, 9410567.194842, -90.585258, 1419726.337739, 9410565.060926, -89.927822, 16.404199, 16.404199, 32.808399, 43.555603, -24.073164, -24.781765, 0.523927, 0.529511, 0.966756, 0.132852, 0.099038, 0.118057, 0.989826
DJI_0203.JPG, 0, FC6310_8.8_4864x3648 (RGB)(1), 1419728.431349, 9410577.874068, -90.784095, 1419727.894543, 9410578.557599, -90.255906, 16.404199, 16.404199, 32.808399, 43.753769, -42.209066, -36.334473, 0.517998, 0.520904, 0.962409, 0.171734, 0.082680, 0.137604, 0.989852
DJI_0204.JPG, 0, FC6310_8.8_4864x3648 (RGB)(1), 1419731.703565, 9410613.469157, -85.772519, 1419737.339635, 9410603.338359, -88.943570, 16.404199, 16.404199, 32.808399, 32.496138, -52.083735, -49.077469, 0.501847, 0.498488, 0.951193, 0.184879, 0.087463, 0.179778, 0.989041
DJI_0205.JPG, 0, FC6310_8.8_4864x3648 (RGB)(1), 1419742.205078, 9410625.998649, -85.791620, 1419746.270290, 9410627.465702, -87.303150, 16.404199, 16.404199, 32.808399, 14.314568, -58.075002, -71.569299, 0.492215, 0.488991, 0.944964, 0.148015, 0.115391, 0.250175, 0.989749
DJI_0206.JPG, 0, FC6310_8.8_4864x3648 (RGB)(1), 1419760.200411, 9410626.741032, -85.637608, 1419761.014066, 9410628.379244, -87.303150, 16.404199, 16.404199, 32.808399, 9.265843, -58.776252, -77.706027, 0.483555, 0.483282, 0.939601, 0.132517, 0.122017, 0.263346, 0.989816
DJI_0207.JPG, 0, FC6310_8.8_4864x3648 (RGB)(1), 1419772.357667, 9410627.704640, -85.615433, 1419772.552292, 9410628.865124, -86.975066, 16.404199, 16.404199, 32.808399, 32.600529, -52.125476, -49.171348, 0.478982, 0.480139, 0.936871, 0.185028, 0.087337, 0.180125, 0.989835
DJI_0208.JPG, 0, FC6310_8.8_4864x3648 (RGB)(1), 1419793.429137, 9410634.189203, -85.084342, 1419796.993079, 9410636.057384, -87.303150, 16.404199, 16.404199, 32.808399, 49.447566, -35.899103, -24.655522, 0.472560, 0.474638, 0.933117, 0.153572, 0.090153, 0.126190, 0.989736
DJI_0209.JPG, 0, FC6310_8.8_4864x3648 (RGB)(1), 1419806.736632, 9410639.879084, -84.546816, 1419809.972960, 9410641.824704, -87.959318, 16.404199, 16.404199, 32.808399, 21.966845, -56.204232, -62.515287, 0.470061, 0.471963, 0.931740, 0.168657, 0.103241, 0.223495, 0.989684
DJI_0210.JPG, 0, FC6310_8.8_4864x3648 (RGB)(1), 1419820.307164, 9410642.072678, -83.507748, 1419821.583083, 9410643.874669, -87.631234, 16.404199, 16.404199, 32.808399, 31.783880, -52.448084, -50.354151, 0.469847, 0.471463, 0.931894, 0.184228, 0.088255, 0.183364, 0.989681
DJI_0211.JPG, 0, FC6310_8.8_4864x3648 (RGB)(1), 1419837.378943, 9410643.123473, -82.400105, 1419835.513177, 9410644.509798, -87.303150, 16.404199, 16.404199, 32.808399, 31.119310, -52.838480, -51.287993, 0.472120, 0.472758, 0.933769, 0.183878, 0.089094, 0.186631, 0.989615
DJI_0212.JPG, 0, FC6310_8.8_4864x3648 (RGB)(1), 1419859.330249, 9410653.696932, -82.239391, 1419862.054947, 9410653.861358, -87.303150, 16.404199, 16.404199, 32.808399, 46.280099, -40.745006, -30.351469, 0.477195, 0.474473, 0.937161, 0.166601, 0.085712, 0.132122, 0.989592
DJI_0213.JPG, 0, FC6310_8.8_4864x3648 (RGB)(1), 1419858.699246, 9410654.639122, -82.666200, 1419862.059526, 9410656.536023, -87.303150, 16.404199, 16.404199, 32.808399, -32.406274, -64.681529, -124.361233, 0.476850, 0.474176, 0.936871, 0.218812, 0.099361, 0.298720, 0.989592
DJI_0214.JPG, 0, FC6310_8.8_4864x3648 (RGB)(1), 1419858.938883, 9410654.840052, -82.864020, 1419862.058388, 9410656.313979, -87.303150, 16.404199, 16.404199, 32.808399, 63.102024, -49.055554, -19.347154, 0.476955, 0.474179, 0.936933, 0.200564, 0.084218, 0.132459, 0.989624
DJI_0216.JPG, 0, FC6310_8.8_4864x3648 (RGB)(1), 1419878.966543, 9410666.407462, -88.590413, 1419881.619903, 9410669.506443, -87.631234, 16.404199, 16.404199, 32.808399, -28.662784, 51.673121, 127.226327, 0.506116, 0.483379, 0.942699, 0.181684, 0.089850, 0.190807, 0.989766
DJI_0217.JPG, 0, FC6310_8.8_4864x3648 (RGB)(1), 1419853.707196, 9410659.220925, -87.971376, 1419853.867424, 9410660.756572, -87.631234, 16.404199, 16.404199, 32.808399, -27.107723, 54.091160, 124.517375, 0.490365, 0.476067, 0.935394, 0.183485, 0.092682, 0.207708, 0.989845
DJI_0218.JPG, 0, FC6310_8.8_4864x3648 (RGB)(1), 1419833.724764, 9410652.826374, -88.186633, 1419834.275067, 9410654.013812, -87.303150, 16.404199, 16.404199, 32.808399, -31.221284, 52.019148, 129.742712, 0.482352, 0.473069, 0.932174, 0.187362, 0.086721, 0.188209, 0.989843
DJI_0219.JPG, 0, FC6310_8.8_4864x3648 (RGB)(1), 1419816.998274, 9410641.540729, -88.017427, 1419815.714124, 9410641.956768, -87.959318, 16.404199, 16.404199, 32.808399, -32.908669, 50.932728, 131.983554, 0.479589, 0.473617, 0.931980, 0.187568, 0.084780, 0.179841, 0.989850
DJI_0220.JPG, 0, FC6310_8.8_4864x3648 (RGB)(1), 1419800.465416, 9410630.494377, -87.435440, 1419800.682479, 9410631.173568, -87.959318, 16.404199, 16.404199, 32.808399, -30.718865, 51.962893, 129.225552, 0.479911, 0.476668, 0.933539, 0.186185, 0.087331, 0.188757, 0.989853
DJI_0221.JPG, 0, FC6310_8.8_4864x3648 (RGB)(1), 1419776.593875, 9410629.888642, -86.440149, 1419775.705361, 9410629.737159, -87.303150, 16.404199, 16.404199, 32.808399, -32.879223, 50.722406, 132.002325, 0.481156, 0.479371, 0.935759, 0.186830, 0.084856, 0.178834, 0.989848
DJI_0222.JPG, 0, FC6310_8.8_4864x3648 (RGB)(1), 1419765.481110, 9410601.050336, -88.349441, 1419766.638492, 9410602.178833, -86.646982, 16.404199, 16.404199, 32.808399, -15.045560, 56.900467, 110.081016, 0.492755, 0.494436, 0.944369, 0.152902, 0.112917, 0.248963, 0.989820
DJI_0223.JPG, 0, FC6310_8.8_4864x3648 (RGB)(1), 1419733.136071, 9410581.992596, -88.910156, 1419739.715944, 9410589.771054, -87.303150, 16.404199, 16.404199, 32.808399, -2.935416, 58.323597, 95.664106, 0.513380, 0.516060, 0.959210, 0.118486, 0.127124, 0.274690, 0.989295
DJI_0224.JPG, 0, FC6310_8.8_4864x3648 (RGB)(1), 1419694.368845, 9410560.981228, -89.433210, 1419711.520846, 9410557.011902, -86.975066, 16.404199, 16.404199, 32.808399, 17.429852, 57.175453, 71.472753, 0.549200, 0.549304, 0.984046, 0.133745, 0.120930, 0.258758, 0.988228
DJI_0225.JPG, 0, FC6310_8.8_4864x3648 (RGB)(1), 1419682.081978, 9410568.164506, -88.421404, 1419682.256829, 9410566.750477, -87.303150, 16.404199, 16.404199, 32.808399, 17.290753, 57.302298, 71.724769, 0.555700, 0.550165, 0.988306, 0.133324, 0.121133, 0.260201, 0.989837
