DJI_0248.JPG 2562.955603 -3448.431360 -901.686107 -41501.043990 229.655898 -50.159660 -4085.432913 14892.582934 0.913849 0.079805 -0.398135 87.847050 
DJI_0249.JPG 2570.404361 -3442.060347 -904.820473 -85944.830911 233.125741 -43.475665 -4085.312983 15782.282216 0.914020 0.082190 -0.397255 71.422396 
DJI_0250.JPG 2793.247304 -3262.752465 -908.666031 -115239.009038 232.741870 -25.407714 -4085.487190 11058.409617 0.906252 0.143098 -0.397782 55.049424 
DJI_0251.JPG 2864.829592 -3199.216882 -911.713142 -173064.744493 233.563571 -16.077523 -4085.487668 10652.609551 0.902894 0.163522 -0.397545 31.720307 
DJI_0252.JPG 2851.644623 -3211.768594 -908.913387 -254659.129896 239.570253 -15.299322 -4085.142829 5991.848821 0.904218 0.159604 -0.396128 -0.041227 
DJI_0253.JPG 2836.427404 -3227.580573 -900.478388 -328301.851406 251.450393 -16.790517 -4084.422932 -389.136766 0.906246 0.154567 -0.393480 -31.870583 
DJI_0254.JPG 3165.124625 -2905.386440 -902.315820 -415350.492435 252.556594 13.565714 -4084.366665 -6475.778886 0.884623 0.250813 -0.393109 -55.814596 
DJI_0255.JPG 3467.086604 -2417.191285 -1187.415207 -479951.086182 -236.183989 -172.732516 -4081.715389 31699.306962 0.779425 0.364612 -0.509464 -62.443370 
DJI_0256.JPG 3724.632209 -2001.710987 -1180.561786 -531737.723671 -209.402207 -203.076496 -4081.780318 37607.529478 0.732741 0.451685 -0.508990 -73.102424 
DJI_0257.JPG 3942.516847 -1531.430618 -1176.749454 -577547.973471 -181.645819 -234.195365 -4081.443034 40839.728730 0.671918 0.537337 -0.509700 -77.973411 
DJI_0258.JPG 4089.588487 -1078.447431 -1177.147081 -626058.216547 -155.737792 -257.982593 -4081.079592 42055.178953 0.606829 0.609082 -0.510664 -81.692361 
DJI_0259.JPG 4157.256057 -791.007735 -1168.326556 -669130.077260 -129.883310 -274.981400 -4080.874351 38924.977976 0.563558 0.649287 -0.510714 -89.086146 
DJI_0260.JPG 4168.612181 -742.257207 -1159.821031 -716790.126800 -118.808079 -279.549436 -4080.901453 44020.594558 0.556751 0.655580 -0.510141 -106.624288 
DJI_0261.JPG 4181.058263 -725.169697 -1125.317206 -779844.428440 -78.244716 -243.357278 -4084.198197 43336.381623 0.560620 0.660997 -0.498787 -132.028378 
DJI_0262.JPG 4196.838061 -643.418213 -1116.253286 -840416.082223 -65.180290 -248.673345 -4084.107370 47206.239549 0.548449 0.671485 -0.498309 -151.017251 
DJI_0263.JPG 4237.342677 -285.777902 -1112.077395 -931685.040509 -40.353254 -262.892450 -4083.537570 49200.530561 0.489600 0.714642 -0.499579 -160.737695 
DJI_0264.JPG 4245.358198 -135.028358 -1110.026671 -986558.404608 -29.058922 -267.236053 -4083.351612 51582.221052 0.463982 0.731303 -0.499916 -172.995004 
DJI_0265.JPG 4247.364246 -119.948788 -1104.068545 -1003973.676999 -22.413094 -270.275893 -4083.193420 56284.502275 0.461936 0.732674 -0.499804 -194.876071 
DJI_0266.JPG 4248.977294 -97.057163 -1100.104523 -1016054.662846 -17.274093 -296.706838 -4081.382924 68065.056206 0.457149 0.732685 -0.504170 -216.870760 
DJI_0267.JPG 4246.771849 -185.003286 -1097.342583 -1048530.254031 -20.530028 -287.168322 -4082.050071 77571.896310 0.473014 0.723913 -0.502203 -247.564906 
DJI_0268.JPG 4249.257088 13.536576 -1103.217597 -1208596.907699 -12.811483 -284.409485 -4082.274736 87714.288976 0.438154 0.745539 -0.502189 -288.607800 
DJI_0269.JPG 4007.218977 1394.952769 -1126.836697 -1566089.056564 67.911203 -304.387403 -4080.288751 75624.443850 0.168392 0.843984 -0.509249 -263.359140 
DJI_0270.JPG 3523.652824 2354.388147 -1146.379227 -1731883.777594 137.489974 -303.577066 -4078.597478 60986.437221 -0.050837 0.855865 -0.514694 -221.562844 
DJI_0271.JPG 2958.220415 3026.727139 -1166.753145 -1817348.725033 188.028678 -286.991968 -4077.781350 48738.367716 -0.227834 0.824541 -0.517903 -183.252801 
DJI_0272.JPG 1185.991200 4045.135380 -1226.280038 -1696154.634905 285.870239 -220.583338 -4076.228785 9462.593260 -0.590265 0.613881 -0.524154 -32.469021 
DJI_0273.JPG -470.283575 4176.329664 -1269.079193 -1309657.542985 334.917657 -136.516085 -4076.176325 -29461.400155 -0.783160 0.333141 -0.525049 107.083287 
DJI_0274.JPG -2016.616422 3676.088056 -1301.189038 -709608.076904 350.278696 -41.665902 -4076.958266 -64634.404767 -0.852442 0.007255 -0.522771 237.911904 
DJI_0275.JPG -3393.736495 2448.442397 -1327.079701 106072.397813 326.692510 57.697456 -4078.720746 -91877.808587 -0.775226 -0.363663 -0.516501 345.572955 
DJI_0276.JPG -4041.559849 1101.679406 -1313.603662 792426.751444 262.112586 129.730701 -4081.725965 -102176.014301 -0.603177 -0.615544 -0.507230 402.149800 
DJI_0277.JPG -4096.663436 132.786382 -1572.633006 1210696.475594 476.462674 637.700227 -4014.018143 -363334.734924 -0.379800 -0.693852 -0.611818 379.278903 
DJI_0278.JPG -4167.006357 -73.637596 -1379.888992 1292284.284569 276.185146 302.043479 -4071.671821 -175417.862894 -0.392653 -0.749980 -0.532310 396.166577 
DJI_0279.JPG -4165.289974 -95.147045 -1383.750184 1254272.937185 278.518345 300.830785 -4071.602668 -169485.448669 -0.388433 -0.752252 -0.532200 378.453762 
DJI_0280.JPG -4213.173176 -169.760000 -1222.215788 1260215.408558 130.277400 27.463035 -4090.023654 -29432.403151 -0.408918 -0.784434 -0.466314 382.375972 
DJI_0281.JPG -4212.799106 190.874443 -1220.388765 1117213.959078 130.795358 25.942840 -4090.017048 -29118.976763 -0.474095 -0.745848 -0.467915 379.119126 
DJI_0282.JPG -4146.876328 -792.092328 -1203.937109 1360813.376024 109.728736 30.865406 -4090.602259 -26476.219697 -0.290825 -0.837796 -0.462081 347.362927 
DJI_0283.JPG -4119.087915 -919.895832 -1208.455424 1323273.882440 114.534353 28.316679 -4090.488963 -24614.091424 -0.264491 -0.846937 -0.461240 324.303645 
DJI_0284.JPG -4121.098707 -903.921314 -1213.643195 1250470.816322 119.783340 27.909452 -4090.341419 -20892.552359 -0.267190 -0.845902 -0.461583 298.512292 
DJI_0285.JPG -4130.304347 -860.899081 -1213.629629 1183187.611948 120.274903 25.601476 -4090.342091 -17692.751123 -0.276037 -0.843167 -0.461381 278.819728 
DJI_0286.JPG -4133.930070 -841.532957 -1214.867301 1152512.407754 120.992312 28.109748 -4090.304465 -17122.025447 -0.279733 -0.841582 -0.462049 269.082384 
DJI_0287.JPG -4133.694594 -839.270844 -1217.231102 1124877.732781 123.205295 28.737937 -4090.234040 -15614.173546 -0.279903 -0.841365 -0.462341 258.933726 
DJI_0288.JPG -4135.465757 -829.542801 -1217.883335 1071459.344766 124.375671 26.166596 -4090.215876 -16810.102690 -0.281895 -0.840913 -0.461952 242.551167 
DJI_0289.JPG -4136.927918 -827.052783 -1214.606602 1037113.718234 120.949452 27.100258 -4090.312545 -18320.347567 -0.282729 -0.840651 -0.461920 233.049093 
DJI_0290.JPG -4137.506530 -825.527266 -1213.673165 981685.746426 120.498505 24.742248 -4090.340798 -22729.599824 -0.283230 -0.840759 -0.461417 217.453860 
DJI_0291.JPG -4137.209957 -814.583470 -1222.049773 896030.611117 129.054291 23.347265 -4090.087995 -29262.188461 -0.284558 -0.840106 -0.461789 191.720642 
DJI_0292.JPG -4136.512620 -818.675607 -1221.675773 801221.479930 128.817857 22.683322 -4090.099184 -31335.506346 -0.283799 -0.840459 -0.461613 160.521914 
DJI_0293.JPG -4140.726074 -797.228670 -1221.585906 705171.002529 129.509960 18.555355 -4090.098138 -32305.435361 -0.288294 -0.839292 -0.460950 130.742524 
DJI_0294.JPG -4144.104922 -778.209865 -1222.391879 635177.540684 129.481570 22.801409 -4090.077570 -33101.265691 -0.291866 -0.837520 -0.461925 108.739752 
DJI_0295.JPG -4212.256458 19.718163 -1236.917471 515237.593993 145.635598 18.119377 -4089.557662 -35798.829733 -0.442312 -0.765552 -0.467216 97.679739 
DJI_0296.JPG -4265.444901 140.319078 -1029.440846 447990.228603 -66.980670 -295.472973 -4080.959351 1390.090367 -0.501399 -0.774999 -0.384675 83.437895 
DJI_0297.JPG -283.232611 -4137.251343 -1440.967978 136603.091989 -577.547738 370.174062 -4034.281806 45000.292357 0.683959 -0.427234 -0.591330 -58.835236 
DJI_0298.JPG 2051.085152 -3628.246876 -1379.250668 -111214.557016 -696.681484 -86.493856 -4031.522496 71200.547553 0.804520 0.011907 -0.593806 -83.736632 
DJI_0299.JPG 3995.209692 -1642.072622 -784.445741 -374895.995552 357.653368 109.745659 -4075.053358 -71956.987664 0.756704 0.539859 -0.368715 -97.824814 
DJI_0300.JPG 4148.003500 -1198.716602 -794.105521 -489154.467147 332.283103 141.740836 -4076.213609 -80489.729674 0.692428 0.618437 -0.371590 -124.227725 
DJI_0301.JPG 4188.374680 -1047.989040 -795.421027 -590105.592326 325.335175 152.409162 -4076.389136 -82415.253284 0.669436 0.642987 -0.372053 -148.594055 
DJI_0302.JPG 4228.657690 -871.937113 -794.756513 -658662.633077 317.986633 159.739840 -4076.688313 -86313.963493 0.641713 0.670032 -0.373179 -161.947744 
DJI_0303.JPG 4238.000872 -826.055513 -794.001891 -714245.900422 316.598108 161.401991 -4076.730914 -92118.746109 0.634391 0.676835 -0.373419 -180.322766 
DJI_0304.JPG 4267.033507 -661.025531 -793.050064 -803622.462401 310.181770 168.557948 -4076.934559 -98943.274207 0.607506 0.700611 -0.374274 -204.223348 
DJI_0305.JPG 4256.384361 -499.055387 -952.677279 -909278.896852 122.145510 -58.199661 -4089.952712 -34669.340956 0.553891 0.705871 -0.441532 -227.521216 
DJI_0306.JPG 4281.337554 152.004832 -959.427632 -1106294.907621 123.829009 -57.741462 -4089.908582 -35987.686534 0.439044 0.780091 -0.445755 -241.535483 
DJI_0307.JPG 4197.120983 852.151960 -965.127241 -1292395.961101 130.786026 -59.410495 -4089.668119 -39726.204727 0.303973 0.839416 -0.450534 -243.025118 
DJI_0308.JPG 3855.110546 1854.512923 -986.084479 -1493776.179250 134.391031 -56.846793 -4089.587682 -41903.285196 0.086531 0.884975 -0.457528 -220.556070 
DJI_0309.JPG 3564.311738 2358.590494 -1003.090633 -1607077.084837 133.166740 -55.788216 -4089.642308 -41527.270343 -0.035832 0.886508 -0.461324 -211.659185 
DJI_0310.JPG 1851.208246 3833.481080 -1072.804241 -1572017.746473 132.625614 -48.954949 -4089.747397 -41255.641373 -0.485901 0.735214 -0.472610 -65.069427 
DJI_0311.JPG -920.926680 4132.802026 -1159.870497 -981394.513772 127.451973 -43.823444 -4089.970099 -40832.794520 -0.837535 0.266501 -0.476983 142.676800 
DJI_0312.JPG -4186.978831 -735.797334 -1096.024020 1060165.333447 49.201610 -236.530854 -4085.052297 13868.564836 -0.323477 -0.856179 -0.402889 275.336422 
DJI_0313.JPG -4241.588824 141.738984 -1123.517872 731406.166528 26.997257 -219.295584 -4086.220810 -2041.832922 -0.488968 -0.769750 -0.410359 227.270388 
DJI_0120.JPG 582.362074 -3540.665187 -2529.427317 -380226.699083 -3644.495256 -595.232984 -1763.341129 -684024.575458 -0.023316 0.024975 -0.999416 -1.732251 
DJI_0121.JPG 556.375488 -3553.463486 -2517.300472 -388808.988635 -3650.715738 -578.643026 -1755.980284 -600887.450632 -0.024599 0.021480 -0.999467 -2.705136 
DJI_0122.JPG 563.816675 -3546.744731 -2525.108051 -404651.134903 -3645.271326 -573.431994 -1768.952408 -550149.134917 -0.021468 0.024174 -0.999477 -8.494152 
DJI_0123.JPG 571.437829 -3537.637136 -2536.146762 -412098.034949 -3648.986096 -586.411850 -1756.997873 -482179.404052 -0.025266 0.026588 -0.999327 -8.595256 
DJI_0124.JPG 551.970772 -3568.480791 -2496.944375 -426239.834177 -3646.319932 -573.487445 -1766.771919 -407895.541843 -0.020760 0.016440 -0.999649 -9.071208 
DJI_0125.JPG 581.596194 -3576.084299 -2479.279141 -454414.412358 -3643.311351 -616.455954 -1758.489230 -321484.272010 -0.022315 0.011070 -0.999690 -8.624441 
DJI_0128.JPG 2055.483467 3049.308292 -2397.950116 338949.793506 2927.449271 -2068.222258 -1974.466350 -122351.454123 -0.027813 0.028554 -0.999205 -8.583680 
DJI_0129.JPG 1985.378525 3096.425358 -2396.639359 337725.398725 2991.953117 -1994.653860 -1953.354150 -61932.494210 -0.023417 0.024931 -0.999415 -9.205557 
DJI_0130.JPG 1997.533511 3080.003413 -2407.674594 331819.847306 2996.144605 -2009.666332 -1931.418820 -246.455628 -0.019941 0.019164 -0.999617 -9.378474 
DJI_0131.JPG 1959.197442 3108.940124 -2401.977267 330503.747543 3032.497569 -1965.020522 -1920.591772 91446.282767 -0.016845 0.018567 -0.999686 -8.754161 
DJI_0132.JPG -1429.476020 3456.526173 -2298.365339 44198.663132 3365.380858 1486.332786 -1791.939297 417500.526282 -0.003481 0.035902 -0.999349 -5.476155 
DJI_0133.JPG -1961.072366 3098.873113 -2413.428828 -64444.476429 3086.599091 1940.646683 -1858.175560 535066.554235 -0.007783 -0.000863 -0.999969 -8.087809 
DJI_0134.JPG -1410.698061 3410.385984 -2377.531602 33139.578066 3378.829689 1447.199110 -1798.650767 653695.733608 0.003351 0.015671 -0.999872 -4.411843 
DJI_0135.JPG -1195.886220 3503.961043 -2359.146299 68026.285748 3458.098509 1230.970041 -1808.946481 703719.202065 0.000049 0.019204 -0.999816 -4.521193 
DJI_0136.JPG -1404.331050 3420.263525 -2367.088892 1601.684834 3380.069101 1440.773166 -1801.478689 748963.695328 0.001581 0.017969 -0.999837 -4.695277 
DJI_0137.JPG 3460.982313 -1490.871456 -2252.190452 589661.001088 -1621.897546 -1641.974978 -3379.258267 -600744.010748 0.298886 0.385433 -0.872988 130.289462 
DJI_0138.JPG 3608.314014 -1096.480138 -2247.500698 646190.540006 -1424.651776 -1814.825242 -3379.762798 -585883.757162 0.254959 0.415869 -0.872954 124.714197 
DJI_0139.JPG 3737.464606 -555.931839 -2235.118837 717502.033936 -1130.838951 -2011.559024 -3379.475325 -550984.446737 0.193423 0.447327 -0.873205 116.703860 
DJI_0140.JPG 3806.185249 51.987242 -2187.169239 791648.456983 -781.742924 -2070.477714 -3442.095285 -486081.696983 0.136700 0.492381 -0.859578 112.561544 
DJI_0141.JPG 3775.915663 511.937588 -2180.330000 831221.066760 -519.947107 -2148.529393 -3443.761949 -444879.843052 0.077764 0.505582 -0.859267 103.730070 
DJI_0142.JPG 3681.879140 1010.684233 -2166.965963 863322.441805 -217.465368 -2196.966558 -3445.586549 -393235.233875 0.012831 0.511840 -0.858985 93.208736 
DJI_0143.JPG 3453.982097 1915.798987 -1916.554203 931780.898514 85.931350 -1601.052368 -3765.005582 -236311.603436 -0.077100 0.643067 -0.761919 99.530455 
DJI_0144.JPG 3420.273520 1978.794396 -1912.997619 901591.627051 121.847337 -1602.413047 -3763.435341 -226595.402193 -0.088012 0.640842 -0.762611 97.847882 
DJI_0145.JPG 3692.329618 1397.132466 -1920.463736 792634.122481 -134.745613 -1622.691655 -3754.295583 -261463.933867 0.015417 0.642333 -0.766271 112.340897 
DJI_0146.JPG 3890.878928 649.128213 -1926.954030 650094.156353 -449.923675 -1580.392309 -3747.792517 -293976.441304 0.138590 0.624270 -0.768817 125.594137 
DJI_0147.JPG 3830.858936 942.088401 -1926.252154 658108.581150 -328.772426 -1608.627213 -3748.365923 -274132.999202 0.091073 0.633220 -0.768595 117.621723 
DJI_0148.JPG 3647.091417 1513.633494 -1918.618238 665501.703312 -79.607310 -1628.763873 -3753.240045 -244303.312753 -0.004606 0.641970 -0.766716 105.947360 
DJI_0149.JPG 3659.811615 1485.695754 -1916.232023 616174.436291 -89.865998 -1627.705016 -3753.467783 -243121.951609 0.000807 0.642067 -0.766648 106.657598 
DJI_0150.JPG 3572.870400 1687.009440 -1913.649487 572454.817609 -0.676719 -1624.191022 -3756.064826 -222127.626625 -0.034391 0.642370 -0.765623 99.670756 
DJI_0151.JPG 3344.108644 2111.689047 -1905.561557 568384.326399 199.319904 -1603.287502 -3759.755401 -191338.771146 -0.111207 0.635324 -0.764197 89.394502 
DJI_0152.JPG 3634.650987 1549.711788 -1913.416755 468114.841692 -60.311919 -1626.042355 -3754.779440 -198321.884275 -0.009862 0.642592 -0.766145 92.730376 
DJI_0153.JPG 4023.261023 345.392305 -1722.652896 308255.986551 -478.692398 -1086.112637 -3916.277932 -140567.017878 0.250070 0.681736 -0.687533 106.896515 
DJI_0154.JPG 3987.441334 420.132373 -1788.087946 301192.974813 -492.763819 -1225.966639 -3873.010397 -143631.536840 0.218771 0.667098 -0.712124 95.990930 
DJI_0155.JPG 1623.455694 3611.557149 -1895.917897 491006.894919 1120.301239 -1234.604341 -3737.204459 -40675.669029 -0.435087 0.461412 -0.773174 29.130214 
DJI_0156.JPG 352.467918 3962.091724 -1857.701170 397060.838677 1480.156167 -762.413995 -3738.165665 37199.823725 -0.559402 0.299703 -0.772818 0.076362 
DJI_0157.JPG -509.592134 3956.561685 -1832.864859 292485.356402 1635.270438 -393.990087 -3730.506979 83112.341480 -0.606324 0.175783 -0.775546 -17.852173 
DJI_0158.JPG -1493.587932 3707.084165 -1816.639807 143577.448720 1704.374896 62.956203 -3719.833685 100638.990093 -0.626373 0.020167 -0.779262 -39.641694 
DJI_0159.JPG -3013.238029 2697.876344 -1707.430208 -73560.993904 1327.911320 724.425615 -3802.351768 115902.174009 -0.614108 -0.258597 -0.745653 -55.178239 
DJI_0160.JPG -3463.919669 2228.086227 -1519.983681 -165225.639085 878.216047 672.757240 -3939.816516 82082.030905 -0.642903 -0.368698 -0.671370 -61.585701 
DJI_0161.JPG -3944.391241 1571.999406 -1115.371556 -278758.695884 139.125955 281.996251 -4080.090930 13349.298562 -0.681064 -0.526632 -0.508734 -68.430348 
DJI_0162.JPG -4010.956550 -718.745569 -1633.735127 -459417.025999 344.186852 922.716896 -3971.920046 72325.973260 -0.209330 -0.731129 -0.649332 -38.659226 
DJI_0163.JPG -3895.740701 -1212.826847 -1620.405361 -479593.642059 211.094626 963.018843 -3971.656289 56802.066493 -0.118713 -0.750830 -0.649740 -25.353196 
DJI_0164.JPG -3723.544429 -1626.160828 -1662.611184 -499387.962817 75.887548 1116.903592 -3936.087824 36271.466152 -0.028119 -0.737066 -0.675235 -8.504144 
DJI_0165.JPG -3621.919601 -1848.842856 -1654.368943 -517122.852167 -6.924231 1128.835629 -3933.408457 18496.459751 0.015046 -0.735785 -0.677048 0.660515 
DJI_0166.JPG -3647.557103 -1974.621132 -1438.630134 -554962.673020 10.540409 670.404191 -4036.888286 17889.581659 0.004699 -0.808697 -0.588207 1.705580 
DJI_0167.JPG -3442.277230 -2249.576318 -1537.397790 -562254.207169 -95.076293 897.247303 -3991.481891 -4590.965648 0.081020 -0.769151 -0.633910 16.804291 
DJI_0168.JPG -3362.435994 -2369.409800 -1534.072843 -582651.587475 -132.360981 895.535750 -3990.803954 -13427.066849 0.107376 -0.765439 -0.634486 22.404883 
DJI_0169.JPG -3261.102815 -2528.567503 -1498.336717 -614906.219246 -163.685259 826.039860 -4004.607996 -20621.936250 0.139295 -0.770382 -0.622180 29.533561 
DJI_0170.JPG -3278.974043 -2506.030217 -1497.197342 -655219.307770 -158.010427 825.582565 -4004.930217 -20973.345236 0.133815 -0.771596 -0.621879 28.685769 
DJI_0171.JPG -3159.723047 -2655.422704 -1496.107827 -672422.987967 -200.564460 820.542408 -4004.060934 -27175.926663 0.169114 -0.763988 -0.622674 35.113295 
DJI_0172.JPG -3134.506646 -2683.532219 -1498.993336 -706630.165405 -208.245639 822.855890 -4003.193956 -26067.515631 0.176324 -0.761698 -0.623479 35.720027 
DJI_0173.JPG -3137.331745 -2682.000928 -1495.820391 -736077.701336 -208.191744 819.169242 -4003.952780 -24449.961505 0.175485 -0.762470 -0.622771 34.218506 
DJI_0174.JPG -3834.301770 -1517.145776 -1506.604372 -917129.057511 80.971266 841.403160 -4003.936099 44922.016792 -0.080031 -0.778261 -0.622820 -28.134352 
DJI_0175.JPG -4088.531536 -518.637794 -1512.740168 -1029617.183105 292.598105 797.883428 -4002.972433 118003.297680 -0.269508 -0.733722 -0.623712 -84.686644 
DJI_0176.JPG -4010.080108 -951.178155 -1512.605616 -1056618.556205 206.646116 821.810543 -4003.491567 105958.244631 -0.189935 -0.758620 -0.623234 -73.068149 
DJI_0177.JPG -3917.723712 -1286.255901 -1506.799514 -1071484.267139 130.179294 837.383201 -4003.481315 94363.066992 -0.126125 -0.771794 -0.623239 -62.845571 
DJI_0178.JPG -3741.773001 -1732.993158 -1506.428766 -1085141.733482 33.270085 843.689276 -4004.135540 80890.349343 -0.035626 -0.781700 -0.622636 -48.102822 
DJI_0179.JPG -2154.305994 3497.045316 -1550.192841 -335185.099411 887.499252 47.190366 -3994.513495 272465.258671 -0.773082 -0.062352 -0.631234 -211.124351 
DJI_0180.JPG -1533.631569 3804.414695 -1564.564202 -87390.922186 895.593067 -111.966671 -3991.415342 260907.158833 -0.770598 0.066349 -0.633858 -202.891082 
DJI_0181.JPG -1335.125424 3870.367473 -1584.662054 33702.597942 904.949319 -171.756384 -3987.177747 253817.443113 -0.763755 0.102387 -0.637334 -196.801628 
DJI_0182.JPG 1827.471330 -3638.428761 -1641.841282 48745.153609 -935.946453 105.153466 -3982.331842 -216428.017784 0.767982 0.007968 -0.640422 212.379489 
DJI_0183.JPG 2705.837284 -3038.747487 -1648.610447 305447.868647 -921.178514 -120.990533 -3985.324497 -240400.624974 0.741770 0.208065 -0.637563 228.032911 
DJI_0184.JPG 3177.880746 -2539.603670 -1650.740822 446365.891026 -884.618077 -266.097039 -3986.560314 -250831.313112 0.696975 0.330541 -0.636371 231.433330 
DJI_0185.JPG 3664.360206 -2045.380795 -1289.317567 601961.940326 -220.880156 6.698789 -4086.219157 -39424.669311 0.744604 0.455497 -0.487942 260.541946 
DJI_0186.JPG 3945.910536 -1441.468060 -1274.918810 702903.887142 -206.030685 -33.233830 -4086.865153 -44065.305466 0.664734 0.566972 -0.486490 256.517533 
DJI_0187.JPG 4098.004350 -938.794796 -1264.311189 778858.813879 -188.540116 -53.387159 -4087.495853 -42733.574681 0.590594 0.645730 -0.483975 250.634327 
DJI_0188.JPG 4209.987559 129.766497 -1237.991725 906952.017047 -143.828771 -84.859371 -4088.781247 -50814.003277 0.411555 0.775525 -0.478731 229.479027 
DJI_0189.JPG 4181.079401 519.656382 -1233.689747 920454.950055 -130.957519 -99.165540 -4088.891810 -52922.138378 0.338291 0.810230 -0.478631 218.064393 
DJI_0190.JPG 4164.707817 642.631038 -1231.134538 883181.448905 -124.597525 -108.415483 -4088.855763 -53001.861278 0.314341 0.819338 -0.479453 211.734804 
DJI_0191.JPG 4093.321724 919.596788 -1293.258332 885182.946195 -150.117282 -239.047193 -4082.443037 -79386.011127 0.247081 0.826193 -0.506317 198.984754 
DJI_0192.JPG 3935.889505 1251.243191 -1488.832558 876264.184491 -192.670658 -644.232724 -4036.565635 -159325.721153 0.140749 0.796655 -0.587819 172.471843 
DJI_0193.JPG 4033.713521 880.747213 -1492.279356 775256.859435 -254.373310 -626.090656 -4036.003546 -159923.940571 0.213441 0.779854 -0.588447 176.871201 
DJI_0194.JPG 3915.992418 1317.514564 -1484.121577 780093.820838 -179.869519 -639.809844 -4037.859610 -146114.784889 0.128181 0.799912 -0.586268 162.568683 
DJI_0195.JPG 3931.769947 1269.293589 -1484.431530 722641.476137 -186.601831 -641.366498 -4037.307108 -141568.859662 0.137851 0.797780 -0.586979 157.115311 
DJI_0196.JPG 3783.344841 1667.926318 -1475.730907 725772.780737 -113.670459 -650.203902 -4038.605431 -127280.927462 0.056306 0.808707 -0.585510 142.771840 
DJI_0197.JPG 3045.411284 2458.907895 -1988.139879 744332.745376 497.869090 -1766.182720 -3657.696663 -237098.474889 -0.185808 0.569043 -0.801040 71.695313 
DJI_0198.JPG 2622.633691 2916.627388 -1971.936942 683116.661061 779.603049 -1652.507342 -3661.619653 -213043.427371 -0.271629 0.535245 -0.799832 44.166714 
DJI_0199.JPG 3113.132156 2640.005481 -1616.241735 650701.799129 186.476151 -967.618471 -3971.770519 -165717.964124 -0.183614 0.737683 -0.649699 79.886597 
DJI_0200.JPG 3866.500202 -1234.552776 -1673.174747 166933.522132 -788.172573 -713.633189 -3951.649223 -211014.581804 0.513456 0.543284 -0.664233 110.986995 
DJI_0201.JPG 3937.473295 -976.878241 -1677.936547 197755.085715 -742.334472 -752.130287 -3953.385824 -201950.483643 0.476853 0.577250 -0.662868 102.378717 
DJI_0202.JPG 4022.658726 -518.988271 -1679.977992 254649.326282 -652.872541 -823.598545 -3954.928924 -194218.932212 0.407903 0.629128 -0.661675 94.498418 
DJI_0203.JPG 3813.111754 -1692.785801 -1366.789336 125758.245566 -374.706241 -183.195714 -4070.878833 -100766.228802 0.671838 0.512238 -0.535020 98.737200 
DJI_0204.JPG 3386.694752 -2546.783759 -1147.889039 94444.814531 -253.333552 -244.766592 -4077.000287 -67073.904328 0.788910 0.330141 -0.518294 78.714476 
DJI_0205.JPG 2670.733813 -3289.114581 -1149.940989 4352.999467 -280.411073 -152.876357 -4079.708122 -58594.883938 0.848741 0.130746 -0.512391 60.216177 
DJI_0206.JPG 2478.416110 -3433.229155 -1159.245122 -57980.312029 -286.266433 -123.725974 -4080.289613 -51637.942591 0.855149 0.083467 -0.511618 42.873546 
DJI_0207.JPG 3383.619288 -2547.394735 -1155.577207 -7007.637704 -253.332874 -231.751523 -4077.760856 -52014.229121 0.789357 0.330775 -0.517207 42.080141 
DJI_0208.JPG 4116.230010 -980.788648 -1169.684673 17934.695745 -161.998691 -354.125558 -4073.618959 -46703.764574 0.586360 0.615486 -0.526649 32.334958 
DJI_0209.JPG 2955.317492 -3030.536398 -1164.218951 -110473.926433 -282.759521 -175.737722 -4078.625163 -34148.303968 0.831026 0.208071 -0.515852 7.058524 
DJI_0210.JPG 3346.175961 -2591.034275 -1167.521274 -131417.886312 -264.426910 -219.734703 -4077.721788 -27408.318742 0.792801 0.321023 -0.518083 0.187479 
DJI_0211.JPG 3315.636672 -2629.393314 -1168.889371 -184996.579445 -264.349592 -211.032152 -4078.186440 -17855.871638 0.796936 0.312194 -0.517135 -13.518676 
DJI_0212.JPG 3975.590539 -1438.958290 -1182.174696 -234660.714301 -204.759386 -306.743322 -4075.537025 -14325.022826 0.652694 0.547554 -0.523618 -21.657679 
DJI_0213.JPG 1309.750785 -4106.547433 -833.234160 -159497.921064 364.698148 -139.653530 -4073.513479 -39891.130570 0.903945 -0.229185 -0.361051 -50.830953 
DJI_0214.JPG 4094.854974 -1456.215947 -620.528771 -235685.561335 589.727533 325.623933 -4036.361035 -41277.736341 0.755345 0.584429 -0.296472 -25.456876 
DJI_0216.JPG -3275.853630 2667.771233 -1193.833216 241539.580488 369.281215 300.956611 -4064.366668 -65323.476500 -0.784486 -0.297456 -0.544153 45.189637 
DJI_0217.JPG -3180.935148 2800.564770 -1145.402398 177399.969545 284.028394 243.247896 -4075.067882 -48723.397362 -0.809951 -0.267246 -0.522071 25.443532 
DJI_0218.JPG -3351.798481 2587.949165 -1158.198673 130282.598431 287.070864 266.522614 -4073.398572 -41862.084622 -0.788216 -0.318988 -0.526271 5.628214 
DJI_0219.JPG -3426.053865 2485.211882 -1165.905192 100420.895126 291.445292 280.089816 -4072.177458 -32900.572786 -0.776407 -0.342406 -0.529104 -12.008228 
DJI_0220.JPG -3336.435345 2604.122731 -1166.277023 78290.489081 303.295093 272.013398 -4071.859613 -22877.842238 -0.787612 -0.314757 -0.529713 -27.145576 
DJI_0221.JPG -3427.958147 2478.682903 -1174.177207 -7650.910916 302.926564 283.860568 -4071.078308 -10867.849214 -0.774088 -0.343679 -0.531670 -46.537838 
DJI_0222.JPG -2718.334485 3248.053017 -1155.104899 113716.612132 341.627301 206.160597 -4072.690573 -11283.375181 -0.837723 -0.141759 -0.527375 -53.519105 
DJI_0223.JPG -2254.181396 3586.855338 -1151.778244 154946.495778 352.595596 152.693659 -4074.111057 -2840.276482 -0.851027 -0.026892 -0.524432 -73.689852 
DJI_0224.JPG -1408.359205 3996.620375 -1147.609704 287711.923589 340.784453 61.527796 -4077.511520 -75.364646 -0.840334 0.162370 -0.517179 -84.243887 
DJI_0225.JPG -1421.679662 3993.925298 -1140.546251 240936.288857 334.874734 67.701664 -4077.903298 7707.379037 -0.841532 0.160561 -0.515794 -95.547769 
