imageName X Y Z Omega Phi Kappa
DJI_0248.JPG 1419720.535961 9410598.583539 -78.421012 11.334617 -66.042788 -76.532999
DJI_0249.JPG 1419739.159678 9410598.958850 -77.348772 11.689264 -66.066978 -76.240616
DJI_0250.JPG 1419761.583855 9410600.112448 -77.573250 19.785663 -64.992421 -67.387787
DJI_0251.JPG 1419788.916641 9410603.542382 -76.308814 22.358802 -64.541176 -64.607998
DJI_0252.JPG 1419823.191766 9410608.716864 -75.503909 21.944961 -64.718116 -65.094745
DJI_0253.JPG 1419856.947521 9410615.690182 -74.952994 21.445950 -64.991659 -65.643999
DJI_0254.JPG 1419890.475691 9410620.716365 -74.796233 32.538841 -62.205207 -53.325020
DJI_0255.JPG 1419915.507240 9410627.940581 -74.262762 35.590453 -51.207997 -46.558562
DJI_0256.JPG 1419934.993664 9410641.235685 -73.419530 41.586319 -47.116716 -38.560233
DJI_0257.JPG 1419948.864288 9410653.381424 -72.818751 46.511990 -42.215284 -31.424141
DJI_0258.JPG 1419961.381287 9410664.748191 -72.697446 50.023031 -37.360565 -25.842140
DJI_0259.JPG 1419972.167491 9410676.898779 -73.616145 51.812257 -34.302206 -22.620178
DJI_0260.JPG 1419986.156789 9410693.560426 -73.475929 52.111652 -33.831426 -22.008368
DJI_0261.JPG 1420004.405297 9410715.330725 -73.397595 52.961875 -34.098689 -21.399795
DJI_0262.JPG 1420020.210544 9410733.731360 -73.250595 53.420872 -33.260643 -20.473524
DJI_0263.JPG 1420036.166848 9410750.525506 -72.919929 55.044035 -29.314270 -17.088424
DJI_0264.JPG 1420046.569341 9410766.925032 -72.936375 55.643633 -27.644361 -15.739870
DJI_0265.JPG 1420050.909418 9410794.295706 -73.302017 55.699571 -27.512078 -15.529824
DJI_0266.JPG 1420053.772103 9410824.293548 -73.062676 55.467656 -27.203302 -15.231525
DJI_0267.JPG 1420066.004231 9410855.293713 -72.827154 55.249676 -28.230106 -15.975903
DJI_0268.JPG 1420095.027537 9410900.007398 -72.944670 56.036120 -25.986146 -14.359258
DJI_0269.JPG 1420113.607628 9410931.254347 -73.379988 58.893776 -9.694358 -3.825810
DJI_0270.JPG 1420116.043720 9410956.729568 -73.551192 58.978435 2.913977 3.618706
DJI_0271.JPG 1420110.856791 9410984.985761 -73.851020 57.866622 13.169571 9.785303
DJI_0272.JPG 1420100.054971 9411012.630595 -73.499232 49.508107 36.175796 27.580355
DJI_0273.JPG 1420091.286690 9411023.565123 -73.722765 32.394915 51.550858 51.072325
DJI_0274.JPG 1420089.244175 9411024.842630 -73.416754 0.795115 58.478317 88.461526
DJI_0275.JPG 1420089.770317 9411024.058923 -73.207940 -35.148990 50.825556 130.892141
DJI_0276.JPG 1420102.992112 9411038.864666 -72.716484 -50.510261 37.097780 152.060890
DJI_0277.JPG 1420115.647271 9411051.662433 -72.714249 -48.595089 22.321281 159.734295
DJI_0278.JPG 1420112.111717 9411043.786981 -73.381130 -54.634167 23.119687 162.789402
DJI_0279.JPG 1420101.761183 9411026.501168 -73.845345 -54.721521 22.857049 162.919888
DJI_0280.JPG 1420094.347643 9411013.776207 -73.877636 -59.270249 24.136870 164.726870
DJI_0281.JPG 1420088.955752 9411005.551516 -74.114759 -57.897513 28.300473 161.925313
DJI_0282.JPG 1420076.027264 9410997.568854 -74.917544 -61.121324 16.907351 169.422347
DJI_0283.JPG 1420062.831218 9410979.238758 -74.845813 -61.427403 15.336715 170.223461
DJI_0284.JPG 1420052.129375 9410951.308989 -74.145474 -61.380021 15.497135 170.047684
DJI_0285.JPG 1420042.680801 9410929.265203 -73.904677 -61.312520 16.023806 169.745160
DJI_0286.JPG 1420038.389405 9410918.497784 -73.770540 -61.232120 16.244262 169.609437
DJI_0287.JPG 1420033.933518 9410907.756959 -73.450847 -61.210599 16.254426 169.567019
DJI_0288.JPG 1420024.988475 9410891.281727 -74.201605 -61.217986 16.373318 169.480615
DJI_0289.JPG 1420018.748451 9410882.339774 -74.945851 -61.212121 16.423148 169.509394
DJI_0290.JPG 1420008.752333 9410867.888125 -76.547123 -61.241594 16.453064 169.500010
DJI_0291.JPG 1419993.991236 9410843.109411 -78.400757 -61.203292 16.532460 169.313017
DJI_0292.JPG 1419977.386943 9410812.371353 -79.638691 -61.222686 16.487081 169.342607
DJI_0293.JPG 1419960.781626 9410782.437224 -80.645728 -61.223857 16.755835 169.178888
DJI_0294.JPG 1419948.580470 9410760.329460 -81.241410 -61.121557 16.969716 169.057825
DJI_0295.JPG 1419933.792594 9410735.563996 -82.085791 -58.604275 26.251478 163.060494
DJI_0296.JPG 1419917.402533 9410717.331303 -82.342267 -63.602224 30.092605 164.391720
DJI_0297.JPG 1419911.665963 9410703.398427 -78.977780 -35.848030 -43.153801 -136.694551
DJI_0298.JPG 1419913.110997 9410704.924902 -78.756614 1.148779 -53.563903 -87.379309
DJI_0299.JPG 1419914.461919 9410706.528016 -85.694441 55.667495 -49.174529 -25.476753
DJI_0300.JPG 1419940.931404 9410726.867797 -85.338951 59.000309 -43.822597 -20.778686
DJI_0301.JPG 1419966.239022 9410742.364474 -83.304464 59.944955 -42.023540 -19.366173
DJI_0302.JPG 1419980.451874 9410752.719192 -82.910156 60.884082 -39.919642 -17.800924
DJI_0303.JPG 1419995.251632 9410767.227357 -82.637430 61.113854 -39.374856 -17.401103
DJI_0304.JPG 1420014.876907 9410788.671324 -82.064599 61.888404 -37.409373 -16.039228
DJI_0305.JPG 1420039.250344 9410817.168679 -81.624788 57.973429 -33.634386 -17.041762
DJI_0306.JPG 1420061.718754 9410842.942681 -81.520708 60.255754 -26.042909 -11.949730
DJI_0307.JPG 1420078.406022 9410867.230685 -81.893750 61.776515 -17.696376 -7.023201
DJI_0308.JPG 1420090.767364 9410896.664358 -82.073243 62.661267 -4.964044 -0.379892
DJI_0309.JPG 1420095.519773 9410925.089295 -82.241445 62.508305 2.053446 3.116922
DJI_0310.JPG 1420092.472053 9410949.496191 -82.189170 57.266300 29.071527 18.656048
DJI_0311.JPG 1420077.175302 9410972.645950 -82.825707 29.193113 56.880712 56.243791
DJI_0312.JPG 1420022.261852 9410922.273948 -86.250241 -64.799902 18.873355 169.314828
DJI_0313.JPG 1419991.071646 9410862.156033 -87.240151 -61.937618 29.272776 163.191088
DJI_0120.JPG 1419644.739025 9410543.300474 -79.218918 1.431508 1.336024 -79.940832
DJI_0121.JPG 1419667.030117 9410546.607645 -79.990011 1.231168 1.409589 -80.304180
DJI_0122.JPG 1419683.502173 9410549.118444 -86.874663 1.385550 1.230094 -80.307377
DJI_0123.JPG 1419702.760316 9410549.835693 -87.272994 1.524045 1.447802 -80.038854
DJI_0124.JPG 1419722.545621 9410550.560620 -87.337652 0.942199 1.189523 -80.522963
DJI_0125.JPG 1419748.141120 9410545.899513 -86.698056 0.634445 1.278669 -79.991864
DJI_0128.JPG 1419776.432274 9410580.276803 -88.420133 1.636857 1.593783 54.519460
DJI_0129.JPG 1419765.077985 9410588.714589 -88.360754 1.428993 1.341803 56.063035
DJI_0130.JPG 1419751.792599 9410599.427904 -87.708001 1.098274 1.142637 55.995611
DJI_0131.JPG 1419732.711977 9410612.716099 -86.648520 1.064034 0.965204 56.859587
DJI_0132.JPG 1419708.409822 9410617.366610 -85.268203 2.057510 0.199463 112.853025
DJI_0133.JPG 1419676.075014 9410607.603232 -84.985773 -0.049452 0.445945 122.060528
DJI_0134.JPG 1419647.949305 9410595.910176 -84.226382 0.897923 -0.191981 112.815567
DJI_0135.JPG 1419633.155768 9410593.094302 -84.142235 1.100380 -0.002779 109.078703
DJI_0136.JPG 1419620.278453 9410594.145405 -84.485184 1.029633 -0.090599 112.634496
DJI_0137.JPG 1419579.110627 9410529.111863 -73.098475 23.821924 -17.390689 -38.414560
DJI_0138.JPG 1419586.381320 9410522.421966 -74.086379 25.472807 -14.771138 -32.324243
DJI_0139.JPG 1419596.538785 9410516.300162 -73.957059 27.125222 -11.152593 -24.439747
DJI_0140.JPG 1419606.649815 9410512.102961 -73.845113 29.804839 -7.856911 -16.545811
DJI_0141.JPG 1419615.223460 9410509.655258 -73.371703 30.472016 -4.460072 -10.462690
DJI_0142.JPG 1419624.897298 9410508.217992 -72.826245 30.789296 -0.735208 -3.776489
DJI_0143.JPG 1419637.040911 9410507.730496 -72.731713 40.164683 4.421899 3.570805
DJI_0144.JPG 1419646.915856 9410509.070352 -71.987970 40.041205 5.049229 4.455126
DJI_0145.JPG 1419660.593469 9410513.374667 -71.559004 39.971719 -0.883360 -2.553482
DJI_0146.JPG 1419673.330233 9410514.269617 -71.411490 39.076177 -7.966267 -11.200556
DJI_0147.JPG 1419680.649746 9410517.787703 -71.461943 39.483948 -5.225317 -7.818039
DJI_0148.JPG 1419696.542711 9410518.456662 -71.883051 39.939349 0.263912 -1.114477
DJI_0149.JPG 1419709.267261 9410518.579334 -71.661166 39.946148 -0.046210 -1.430492
DJI_0150.JPG 1419725.010305 9410525.105976 -71.441328 39.997199 1.970840 0.976828
DJI_0151.JPG 1419735.748842 9410531.816549 -70.916479 39.738838 6.384874 6.364525
DJI_0152.JPG 1419743.305959 9410540.467795 -70.620682 39.987684 0.565040 -0.661497
DJI_0153.JPG 1419747.236545 9410550.219950 -71.061068 44.757443 -14.481658 -15.335075
DJI_0154.JPG 1419750.031424 9410560.646118 -70.624656 43.130197 -12.636829 -14.494961
DJI_0155.JPG 1419752.036752 9410570.700694 -71.143105 30.827724 25.790860 35.594656
DJI_0156.JPG 1419752.431013 9410584.709938 -72.020606 21.196565 34.014471 55.690580
DJI_0157.JPG 1419751.305849 9410597.793454 -73.084281 12.770684 37.324168 70.707971
DJI_0158.JPG 1419747.790272 9410611.955582 -80.549753 1.482466 38.783067 89.478540
DJI_0159.JPG 1419743.211429 9410628.331785 -80.115435 -19.126831 37.887160 121.840260
DJI_0160.JPG 1419738.216403 9410638.351417 -79.766730 -28.774431 40.008641 132.801986
DJI_0161.JPG 1419729.716115 9410652.037642 -79.191043 -45.990357 42.926818 148.819503
DJI_0162.JPG 1419698.454924 9410653.351907 -74.950309 -48.391012 12.083067 168.263898
DJI_0163.JPG 1419691.021629 9410658.931872 -74.402905 -49.128323 6.817833 173.224606
DJI_0164.JPG 1419678.554604 9410666.965009 -74.166681 -47.506814 1.611300 178.003663
DJI_0165.JPG 1419668.289877 9410671.813110 -74.536707 -47.380665 -0.862091 -179.459787
DJI_0166.JPG 1419657.190024 9410675.472628 -74.221113 -53.969689 -0.269212 179.969769
DJI_0167.JPG 1419644.098464 9410678.740841 -74.807125 -50.505711 -4.647192 -176.171028
DJI_0168.JPG 1419633.878572 9410679.117368 -75.048034 -50.344055 -6.164065 -174.809305
DJI_0169.JPG 1419618.988593 9410678.416392 -75.049946 -51.074787 -8.007053 -173.360559
DJI_0170.JPG 1419608.856029 9410677.101448 -75.280039 -51.132437 -7.690081 -173.615601
DJI_0171.JPG 1419598.556546 9410673.619979 -74.888493 -50.818914 -9.736334 -171.862737
DJI_0172.JPG 1419588.997445 9410669.857307 -74.483334 -50.698371 -10.155711 -171.516330
DJI_0173.JPG 1419582.560232 9410666.598758 -74.408364 -50.758695 -10.106911 -171.543205
DJI_0174.JPG 1419575.305947 9410662.279406 -74.620179 -51.330708 4.590374 176.421891
DJI_0175.JPG 1419559.689807 9410648.795554 -72.439345 -49.633276 15.635007 167.103255
DJI_0176.JPG 1419553.061067 9410640.345924 -72.319932 -50.595656 10.948979 171.117656
DJI_0177.JPG 1419548.494112 9410633.489104 -72.033912 -51.078419 7.245729 174.287551
DJI_0178.JPG 1419542.630521 9410622.478247 -71.507831 -51.462170 2.041672 178.455610
DJI_0179.JPG 1419536.998977 9410607.655326 -71.264598 -5.641222 50.631475 96.900596
DJI_0180.JPG 1419534.446500 9410591.333548 -72.058463 5.975637 50.407637 81.720762
DJI_0181.JPG 1419534.165795 9410575.364151 -72.568069 9.126515 49.796363 77.338654
DJI_0182.JPG 1419539.664177 9410551.959463 -72.113150 0.712864 -50.173018 -90.870653
DJI_0183.JPG 1419545.504181 9410539.288473 -73.004414 18.073801 -47.882371 -68.324729
DJI_0184.JPG 1419552.501966 9410527.832567 -73.823689 27.448068 -44.184799 -55.476310
DJI_0185.JPG 1419558.976383 9410519.278333 -74.337709 43.030395 -48.125091 -40.472020
DJI_0186.JPG 1419570.750021 9410507.350233 -75.341326 49.368759 -41.661901 -31.397269
DJI_0187.JPG 1419580.320396 9410500.757081 -75.558566 53.148436 -36.199173 -25.491144
DJI_0188.JPG 1419599.927069 9410491.842099 -79.195243 58.313034 -24.302563 -15.621215
DJI_0189.JPG 1419612.602172 9410489.060923 -80.062742 59.428186 -19.772777 -12.595275
DJI_0190.JPG 1419626.465020 9410487.617669 -80.348305 59.665030 -18.321063 -11.636284
DJI_0191.JPG 1419635.812170 9410487.070837 -79.919286 58.498713 -14.304830 -9.789945
DJI_0192.JPG 1419646.802165 9410488.195649 -79.547936 53.577906 -8.091165 -7.145042
DJI_0193.JPG 1419658.001683 9410490.912362 -79.177376 52.963262 -12.324108 -10.403096
DJI_0194.JPG 1419671.547171 9410495.078785 -79.192800 53.761738 -7.364474 -6.562888
DJI_0195.JPG 1419682.496645 9410501.177994 -79.240965 53.655674 -7.923486 -6.960812
DJI_0196.JPG 1419692.315187 9410507.937217 -78.985082 54.095169 -3.227786 -3.402963
DJI_0197.JPG 1419697.441069 9410512.948111 -78.927490 35.389230 10.708229 13.484360
DJI_0198.JPG 1419708.868489 9410525.924817 -89.533970 33.790315 15.761231 21.268212
DJI_0199.JPG 1419715.415417 9410534.977966 -89.564764 48.628691 10.580353 8.359827
DJI_0200.JPG 1419719.525465 9410544.294528 -89.388158 39.280101 -30.894301 -33.413470
DJI_0201.JPG 1419724.668028 9410556.253875 -90.088069 41.050562 -28.480076 -30.165360
DJI_0202.JPG 1419727.273650 9410567.194842 -90.585258 43.555603 -24.073164 -24.781765
DJI_0203.JPG 1419728.431349 9410577.874068 -90.784095 43.753769 -42.209066 -36.334473
DJI_0204.JPG 1419731.703565 9410613.469157 -85.772519 32.496138 -52.083735 -49.077469
DJI_0205.JPG 1419742.205078 9410625.998649 -85.791620 14.314568 -58.075002 -71.569299
DJI_0206.JPG 1419760.200411 9410626.741032 -85.637608 9.265843 -58.776252 -77.706027
DJI_0207.JPG 1419772.357667 9410627.704640 -85.615433 32.600529 -52.125476 -49.171348
DJI_0208.JPG 1419793.429137 9410634.189203 -85.084342 49.447566 -35.899103 -24.655522
DJI_0209.JPG 1419806.736632 9410639.879084 -84.546816 21.966845 -56.204232 -62.515287
DJI_0210.JPG 1419820.307164 9410642.072678 -83.507748 31.783880 -52.448084 -50.354151
DJI_0211.JPG 1419837.378943 9410643.123473 -82.400105 31.119310 -52.838480 -51.287993
DJI_0212.JPG 1419859.330249 9410653.696932 -82.239391 46.280099 -40.745006 -30.351469
DJI_0213.JPG 1419858.699246 9410654.639122 -82.666200 -32.406274 -64.681529 -124.361233
DJI_0214.JPG 1419858.938883 9410654.840052 -82.864020 63.102024 -49.055554 -19.347154
DJI_0216.JPG 1419878.966543 9410666.407462 -88.590413 -28.662784 51.673121 127.226327
DJI_0217.JPG 1419853.707196 9410659.220925 -87.971376 -27.107723 54.091160 124.517375
DJI_0218.JPG 1419833.724764 9410652.826374 -88.186633 -31.221284 52.019148 129.742712
DJI_0219.JPG 1419816.998274 9410641.540729 -88.017427 -32.908669 50.932728 131.983554
DJI_0220.JPG 1419800.465416 9410630.494377 -87.435440 -30.718865 51.962893 129.225552
DJI_0221.JPG 1419776.593875 9410629.888642 -86.440149 -32.879223 50.722406 132.002325
DJI_0222.JPG 1419765.481110 9410601.050336 -88.349441 -15.045560 56.900467 110.081016
DJI_0223.JPG 1419733.136071 9410581.992596 -88.910156 -2.935416 58.323597 95.664106
DJI_0224.JPG 1419694.368845 9410560.981228 -89.433210 17.429852 57.175453 71.472753
DJI_0225.JPG 1419682.081978 9410568.164506 -88.421404 17.290753 57.302298 71.724769
